0 1 0 0
0.01 0.995403023058681 0.00997701511529341 0.00999983333416666
0.02 0.990806046117363 0.0199080604611736 0.0199986666933331
0.03 0.986209069176044 0.0297931360376407 0.0299955002024957
0.04 0.981612092234726 0.0396322418446945 0.0399893341866342
0.05 0.977015115293407 0.0494253778823352 0.0499791692706783
0.06 0.972418138352088 0.0591725441505626 0.0599640064794446
0.07 0.96782116141077 0.068873740649377 0.0699428473375328
0.08 0.963224184469451 0.078528967378778 0.0799146939691727
0.09 0.958627207528133 0.088138224338766 0.089878549198011
0.1 0.954030230586814 0.0977015115293407 0.0998334166468282
0.11 0.949433253645495 0.107218828950502 0.109778300837175
0.12 0.944836276704177 0.116690176602251 0.119712207288919
0.13 0.940239299762858 0.126115554484586 0.129634142619695
0.14 0.93564232282154 0.135494962597508 0.139543114644236
0.15 0.931045345880221 0.144828400941017 0.149438132473599
0.16 0.926448368938902 0.154115869515112 0.159318206614246
0.17 0.921851391997584 0.163357368319795 0.169182349066996
0.18 0.917254415056265 0.172552897355064 0.179029573425824
0.19 0.912657438114947 0.18170245662092 0.188858894976501
0.2 0.908060461173628 0.190806046117363 0.198669330795061
0.21 0.903463484232309 0.199863665844392 0.2084598998461
0.22 0.898866507290991 0.208875315802009 0.218229623080869
0.23 0.894269530349672 0.217840995990212 0.227977523535188
0.24 0.889672553408354 0.226760706409002 0.237702626427135
0.25 0.885075576467035 0.235634447058379 0.247403959254523
0.26 0.880478599525716 0.244462217938343 0.257080551892155
0.27 0.875881622584398 0.253244019048894 0.266731436688831
0.28 0.871284645643079 0.261979850390031 0.276355648564114
0.29 0.866687668701761 0.270669711961755 0.285952225104836
0.3 0.862090691760442 0.279313603764066 0.29552020666134
0.31 0.857493714819123 0.287911525796964 0.305058636443443
0.32 0.852896737877805 0.296463478060449 0.314566560616118
0.33 0.848299760936486 0.30496946055452 0.324043028394868
0.34 0.843702783995168 0.313429473279178 0.333487092140814
0.35 0.839105807053849 0.321843516234424 0.342897807455451
0.36 0.83450883011253 0.330211589420255 0.35227423327509
0.37 0.829911853171212 0.338533692836674 0.361615431964962
0.38 0.825314876229893 0.34680982648368 0.370920469412983
0.39 0.820717899288575 0.355039990361272 0.380188415123161
0.4 0.816120922347256 0.363224184469451 0.389418342308651
0.41 0.811523945405937 0.371362408808217 0.398609327984423
0.42 0.806926968464619 0.37945466337757 0.40776045305957
0.43 0.8023299915233 0.38750094817751 0.416870802429211
0.44 0.797733014581982 0.395501263208036 0.425939465066
0.45 0.793136037640663 0.403455608469149 0.43496553411123
0.46 0.788539060699344 0.411363983960849 0.44394810696552
0.47 0.783942083758026 0.419226389683136 0.452886285379068
0.48 0.779345106816707 0.42704282563601 0.461779175541483
0.49 0.774748129875388 0.43481329181947 0.470625888171158
0.5 0.77015115293407 0.442537788233517 0.479425538604203
0.51 0.765554175992751 0.450216314878152 0.488177246882907
0.52 0.760957199051433 0.457848871753372 0.496880137843737
0.53 0.756360222110114 0.46543545885918 0.505533341204847
0.54 0.751763245168795 0.472976076195575 0.514135991653113
0.55 0.747166268227477 0.480470723762556 0.522687228930659
0.56 0.742569291286158 0.487919401560124 0.531186197920883
0.57 0.73797231434484 0.495322109588279 0.539632048733969
0.58 0.733375337403521 0.502678847847021 0.548023936791874
0.59 0.728778360462202 0.50998961633635 0.556361022912784
0.6 0.724181383520884 0.517254415056265 0.564642473395035
0.61 0.719584406579565 0.524473244006767 0.572867460100481
0.62 0.714987429638247 0.531646103187856 0.581035160537305
0.63 0.710390452696928 0.538772992599532 0.58914475794227
0.64 0.705793475755609 0.545853912241795 0.597195441362392
0.65 0.701196498814291 0.552888862114645 0.60518640573604
0.66 0.696599521872972 0.559877842218081 0.613116851973434
0.67 0.692002544931654 0.566820852552104 0.62098598703656
0.68 0.687405567990335 0.573717893116714 0.628793024018469
0.69 0.682808591049016 0.580568963911911 0.636537182221968
0.7 0.678211614107698 0.587374064937694 0.644217687237691
0.71 0.673614637166379 0.594133196194065 0.651833771021537
0.72 0.669017660225061 0.600846357681022 0.659384671971473
0.73 0.664420683283742 0.607513549398566 0.666869635003698
0.74 0.659823706342423 0.614134771346697 0.674287911628145
0.75 0.655226729401105 0.620710023525414 0.681638760023334
0.76 0.650629752459786 0.627239305934719 0.688921445110551
0.77 0.646032775518468 0.63372261857461 0.696135238627357
0.78 0.641435798577149 0.640159961445088 0.70327941920041
0.79 0.63683882163583 0.646551334546153 0.710353272417608
0.8 0.632241844694512 0.652896737877805 0.717356090899523
0.81 0.627644867753193 0.659196171440043 0.724287174370143
0.82 0.623047890811875 0.665449635232869 0.731145829726896
0.83 0.618450913870556 0.671657129256281 0.737931371109963
0.84 0.613853936929237 0.67781865351028 0.744643119970859
0.85 0.609256959987919 0.683934207994865 0.751280405140293
0.86 0.6046599830466 0.690003792710038 0.757842562895277
0.87 0.600063006105282 0.696027407655798 0.764328937025505
0.88 0.595466029163963 0.702005052832144 0.770738878898969
0.89 0.590869052222644 0.707936728239077 0.777071747526824
0.9 0.586272075281326 0.713822433876597 0.783326909627483
0.91 0.581675098340007 0.719662169744703 0.78950373968995
0.92 0.577078121398689 0.725455935843397 0.795601620036366
0.93 0.57248114445737 0.731203732172677 0.801619940883777
0.94 0.567884167516051 0.736905558732544 0.807558100405114
0.95 0.563287190574733 0.742561415522998 0.813415504789374
0.96 0.558690213633414 0.748171302544039 0.819191568300998
0.97 0.554093236692096 0.753735219795666 0.82488571333845
0.98 0.549496259750777 0.759253167277881 0.83049737049197
0.99 0.544899282809458 0.764725144990682 0.836025978600521
1 0.54030230586814 0.77015115293407 0.841470984807897
1.01 0.530737814443987 0.77550635353563 0.846831844618015
1.02 0.521173323019834 0.78076590922295 0.852108021949363
1.03 0.511608831595681 0.785929819996027 0.857298989188603
1.04 0.502044340171528 0.790998085854863 0.862404227243338
1.05 0.492479848747376 0.795970706799458 0.867423225594017
1.06 0.482915357323223 0.800847682829811 0.872355482344986
1.07 0.47335086589907 0.805629013945922 0.877200504274682
1.08 0.463786374474917 0.810314700147792 0.881957806884948
1.09 0.454221883050764 0.814904741435421 0.886626914449487
1.1 0.444657391626611 0.819399137808807 0.891207360061435
1.11 0.435092900202459 0.823797889267953 0.895698685680048
1.12 0.425528408778306 0.828100995812857 0.900100442176505
1.13 0.415963917354153 0.832308457443519 0.904412189378826
1.14 0.40639942593 0.83642027415994 0.908633496115883
1.15 0.396834934505848 0.840436445962119 0.912763940260521
1.16 0.387270443081695 0.844356972850057 0.916803108771767
1.17 0.377705951657542 0.848181854823753 0.920750597736136
1.18 0.368141460233389 0.851911091883207 0.92460601240802
1.19 0.358576968809236 0.855544684028421 0.928368967249167
1.2 0.349012477385083 0.859082631259392 0.932039085967226
1.21 0.339447985960931 0.862524933576122 0.935616001553386
1.22 0.329883494536778 0.865871590978611 0.939099356319068
1.23 0.320319003112625 0.869122603466858 0.942488801931697
1.24 0.310754511688472 0.872277971040863 0.945783999449539
1.25 0.301190020264319 0.875337693700627 0.948984619355586
1.26 0.291625528840166 0.87830177144615 0.952090341590516
1.27 0.282061037416014 0.881170204277431 0.955100855584692
1.28 0.272496545991861 0.88394299219447 0.958015860289225
1.29 0.262932054567708 0.886620135197268 0.960835064206073
1.3 0.253367563143555 0.889201633285824 0.963558185417193
1.31 0.243803071719402 0.891687486460139 0.966184951612734
1.32 0.234238580295249 0.894077694720212 0.968715100118265
1.33 0.224674088871097 0.896372258066044 0.971148377921045
1.34 0.215109597446944 0.898571176497634 0.973484541695319
1.35 0.205545106022791 0.900674450014983 0.975723357826659
1.36 0.195980614598638 0.90268207861809 0.977864602435316
1.37 0.186416123174485 0.904594062306955 0.979908061398614
1.38 0.176851631750333 0.90641040108158 0.98185353037236
1.39 0.16728714032618 0.908131094941962 0.983700814811277
1.4 0.157722648902027 0.909756143888103 0.98544972998846
1.41 0.148158157477874 0.911285547920003 0.98710010101385
1.42 0.138593666053721 0.912719307037661 0.98865176285172
1.43 0.129029174629569 0.914057421241077 0.990104560337178
1.44 0.119464683205416 0.915299890530252 0.991458348191686
1.45 0.109900191781263 0.916446714905185 0.992712991037588
1.46 0.10033570035711 0.917497894365877 0.993868363411645
1.47 0.0907712089329572 0.918453428912328 0.994924349777581
1.48 0.0812067175088044 0.919313318544536 0.99588084453764
1.49 0.0716422260846515 0.920077563262504 0.996737752043143
1.5 0.0620777346604987 0.920746163066229 0.997494986604054
1.51 0.0525132432363459 0.921319117955714 0.998152472497548
1.52 0.042948751812193 0.921796427930956 0.998710143975583
1.53 0.0333842603880402 0.922178092991958 0.999167945271476
1.54 0.0238197689638874 0.922464113138717 0.999525830605479
1.55 0.0142552775397345 0.922654488371235 0.999783764189357
1.56 0.00469078611558171 0.922749218689512 0.999941720229966
1.57 -0.00487370530857112 0.922748304093547 0.999999682931835
1.58 -0.014438196732724 0.92265174458334 0.99995764649874
1.59 -0.0240026881568768 0.922459540158892 0.999815615134291
1.6 -0.0335671795810296 0.922171690820203 0.999573603041505
1.61 -0.0431316710051824 0.921788196567272 0.999231634421391
1.62 -0.0526961624293353 0.921309057400099 0.998789743470524
1.63 -0.0622606538534879 0.920734273318685 0.998247974377632
1.64 -0.0718251452776407 0.92006384432303 0.997606381319174
1.65 -0.0813896367017936 0.919297770413132 0.996865028453919
1.66 -0.0909541281259464 0.918436051588994 0.996023989916537
1.67 -0.100518619550099 0.917478687850613 0.99508334981018
1.68 -0.110083110974252 0.916425679197992 0.994043202198076
1.69 -0.119647602398405 0.915277025631128 0.992903651094118
1.7 -0.129212093822558 0.914032727150024 0.991664810452469
1.71 -0.138776585246711 0.912692783754677 0.990326804156158
1.72 -0.148341076670863 0.911257195445089 0.988889766004701
1.73 -0.157905568095016 0.90972596222126 0.987353839700716
1.74 -0.167470059519169 0.908099084083189 0.985719178835553
1.75 -0.177034550943322 0.906376561030877 0.983985946873937
1.76 -0.186599042367475 0.904558393064323 0.982154317137618
1.77 -0.196163533791627 0.902644580183527 0.980224472788045
1.78 -0.20572802521578 0.90063512238849 0.978196606808045
1.79 -0.215292516639933 0.898530019679212 0.976070921982524
1.8 -0.224857008064086 0.896329272055691 0.973847630878195
1.81 -0.234421499488239 0.89403287951793 0.971526955822315
1.82 -0.243985990912392 0.891640842065927 0.969109128880456
1.83 -0.253550482336544 0.889153159699682 0.966594391833298
1.84 -0.263114973760697 0.886569832419196 0.963982996152448
1.85 -0.27267946518485 0.883890860224468 0.9612752029753
1.86 -0.282243956609003 0.881116243115499 0.958471283078914
1.87 -0.291808448033156 0.878245981092288 0.955571516852944
1.88 -0.301372939457308 0.875280074154836 0.952576194271595
1.89 -0.310937430881461 0.872218522303142 0.94948561486463
1.9 -0.320501922305614 0.869061325537206 0.946300087687414
1.91 -0.330066413729767 0.86580848385703 0.943019931290011
1.92 -0.33963090515392 0.862459997262611 0.939645473685325
1.93 -0.349195396578073 0.859015865753951 0.936177052316306
1.94 -0.358759888002225 0.85547608933105 0.9326150140222
1.95 -0.368324379426378 0.851840667993907 0.928959715003869
1.96 -0.377888870850531 0.848109601742522 0.925211520788168
1.97 -0.387453362274684 0.844282890576896 0.921370806191395
1.98 -0.397017853698837 0.840360534497028 0.91743795528181
1.99 -0.40658234512299 0.836342533502919 0.913413361341225
2 -0.416146836547142 0.832228887594569 0.909297426825682
2.01 -0.421885293147675 0.828038726946095 0.905090563325201
2.02 -0.427623749748208 0.823791181731615 0.900793191522627
2.03 -0.433362206348741 0.81948625195113 0.89640574115156
2.04 -0.439100662949275 0.81512393760464 0.89192865095338
2.05 -0.444839119549807 0.810704238692145 0.887362368633375
2.06 -0.450577576150341 0.806227155213644 0.882707350815974
2.07 -0.456316032750874 0.801692687169138 0.877964062999078
2.08 -0.462054489351407 0.797100834558627 0.873132979507516
2.09 -0.46779294595194 0.79245159738211 0.868214583445613
2.1 -0.473531402552473 0.787744975639588 0.863209366648874
2.11 -0.479269859153006 0.782980969331061 0.858117829634809
2.12 -0.485008315753539 0.778159578456528 0.852940481552876
2.13 -0.490746772354072 0.77328080301599 0.84767784013357
2.14 -0.496485228954605 0.768344643009446 0.842330431636646
2.15 -0.502223685555138 0.763351098436898 0.836898790798498
2.16 -0.507962142155671 0.758300169298343 0.831383460778683
2.17 -0.513700598756204 0.753191855593784 0.825784993105608
2.18 -0.519439055356737 0.748026157323219 0.820103947621374
2.19 -0.52517751195727 0.742803074486649 0.814340892425796
2.2 -0.530915968557803 0.737522607084074 0.80849640381959
2.21 -0.536654425158336 0.732184755115493 0.802571066246747
2.22 -0.542392881758869 0.726789518580907 0.796565472236087
2.23 -0.548131338359402 0.721336897480316 0.790480222342005
2.24 -0.553869794959935 0.715826891813719 0.78431592508442
2.25 -0.559608251560468 0.710259501581117 0.778073196887921
2.26 -0.565346708161001 0.70463472678251 0.771752662020126
2.27 -0.571085164761534 0.698952567417897 0.765354952529254
2.28 -0.576823621362067 0.693213023487279 0.758880708180922
2.29 -0.5825620779626 0.687416094990656 0.752330576394171
2.3 -0.588300534563133 0.681561781928027 0.74570521217672
2.31 -0.594038991163666 0.675650084299393 0.739005278059471
2.32 -0.599777447764199 0.669681002104754 0.732231444030251
2.33 -0.605515904364732 0.663654535344109 0.72538438746682
2.34 -0.611254360965265 0.657570684017459 0.718464793069126
2.35 -0.616992817565798 0.651429448124804 0.711473352790844
2.36 -0.622731274166331 0.645230827666143 0.704410765770176
2.37 -0.628469730766865 0.638974822641477 0.697277738259938
2.38 -0.634208187367397 0.632661433050806 0.690074983556936
2.39 -0.639946643967931 0.626290658894129 0.68280322193064
2.4 -0.645685100568464 0.619862500171448 0.675463180551151
2.41 -0.651423557168997 0.61337695688276 0.668055593416491
2.42 -0.65716201376953 0.606834029028067 0.660581201279201
2.43 -0.662900470370063 0.600233716607369 0.653040751572265
2.44 -0.668638926970596 0.593576019620666 0.645434998334371
2.45 -0.674377383571129 0.586860938067957 0.637764702134504
2.46 -0.680115840171662 0.580088471949244 0.630030629995892
2.47 -0.685854296772195 0.573258621264524 0.622233555319305
2.48 -0.691592753372728 0.5663713860138 0.614374257805712
2.49 -0.697331209973261 0.55942676619707 0.606453523378315
2.5 -0.703069666573794 0.552424761814335 0.598472144103957
2.51 -0.708808123174327 0.545365372865594 0.590430918113913
2.52 -0.71454657977486 0.538248599350848 0.582330649524082
2.53 -0.720285036375393 0.531074441270097 0.574172148354573
2.54 -0.726023492975926 0.52384289862334 0.565956230448703
2.55 -0.731761949576459 0.516553971410578 0.557683717391417
2.56 -0.737500406176992 0.509207659631811 0.549355436427127
2.57 -0.743238862777525 0.501803963287038 0.540972220376989
2.58 -0.748977319378058 0.49434288237626 0.532534907555621
2.59 -0.754715775978591 0.486824416899477 0.524044341687276
2.6 -0.760454232579124 0.479248566856689 0.515501371821464
2.61 -0.766192689179657 0.471615332247895 0.506906852248053
2.62 -0.77193114578019 0.463924713073095 0.498261642411839
2.63 -0.777669602380723 0.456176709332291 0.4895666068266
2.64 -0.783408058981256 0.448371321025481 0.480822614988648
2.65 -0.789146515581789 0.440508548152666 0.472030541289883
2.66 -0.794884972182323 0.432588390713845 0.463191264930345
2.67 -0.800623428782855 0.424610848709019 0.454305669830306
2.68 -0.806361885383389 0.416575922138188 0.445374644541871
2.69 -0.812100341983921 0.408483611001352 0.436399082160126
2.7 -0.817838798584455 0.40033391529851 0.42737988023383
2.71 -0.823577255184988 0.392126835029663 0.418317940675659
2.72 -0.829315711785521 0.38386237019481 0.409214169672017
2.73 -0.835054168386054 0.375540520793952 0.40006947759242
2.74 -0.840792624986587 0.367161286827089 0.390884778898452
2.75 -0.84653108158712 0.35872466829422 0.381660992052332
2.76 -0.852269538187653 0.350230665195347 0.372399039425056
2.77 -0.858007994788186 0.341679277530467 0.363099847204168
2.78 -0.863746451388719 0.333070505299583 0.353764345301143
2.79 -0.869484907989252 0.324404348502693 0.34439346725839
2.8 -0.875223364589785 0.315680807139798 0.334988150155905
2.81 -0.880961821190318 0.306899881210897 0.32554933451756
2.82 -0.886700277790851 0.298061570715991 0.316077964217054
2.83 -0.892438734391384 0.28916587565508 0.306574986383523
2.84 -0.898177190991917 0.280212796028164 0.297041351306832
2.85 -0.90391564759245 0.271202331835242 0.287478012342544
2.86 -0.909654104192983 0.262134483076315 0.277885925816587
2.87 -0.915392560793516 0.253009249751382 0.268266050929618
2.88 -0.921131017394049 0.243826631860445 0.258619349661111
2.89 -0.926869473994582 0.234586629403501 0.248946786673153
2.9 -0.932607930595115 0.225289242380553 0.239249329213982
2.91 -0.938346387195648 0.215934470791599 0.229527947021264
2.92 -0.944084843796181 0.20652231463664 0.219783612225117
2.93 -0.949823300396714 0.197052773915675 0.210017299250899
2.94 -0.955561756997247 0.187525848628706 0.200229984721771
2.95 -0.96130021359778 0.17794153877573 0.190422647361027
2.96 -0.967038670198313 0.16829984435675 0.180596267894233
2.97 -0.972777126798847 0.158600765371764 0.170751828951145
2.98 -0.978515583399379 0.148844301820773 0.160890314967456
2.99 -0.984254039999912 0.139030453703776 0.151012712086344
3 -0.989992496600445 0.129159221020775 0.141120008059867
3.01 -0.986629007843077 0.119276113498557 0.131213192150184
3.02 -0.983265519085709 0.109426640863913 0.12129325503063
3.03 -0.97990203032834 0.0996108031168431 0.11136118868665
3.04 -0.976538541570972 0.0898286002573463 0.101417986316602
3.05 -0.973175052813604 0.0800800322854237 0.0914646422324372
3.06 -0.969811564056235 0.0703650992010742 0.0815021517602691
3.07 -0.966448075298867 0.0606838010042989 0.0715315111408437
3.08 -0.963084586541499 0.0510361376950969 0.0615537174299131
3.09 -0.95972109778413 0.0414221092734689 0.0515697683985346
3.1 -0.956357609026762 0.0318417157394142 0.0415806624332905
3.11 -0.952994120269394 0.0222949570929337 0.0315873984364539
3.12 -0.949630631512025 0.0127818333340264 0.021590975726096
3.13 -0.946267142754657 0.00330234446269315 0.0115923939361583
3.14 -0.942903653997289 -0.00614350952106682 0.00159265291648683
3.15 -0.93954016523992 -0.0155557286172527 -0.00840724736714862
3.16 -0.936176676482552 -0.0249343128258652 -0.0184063069330538
3.17 -0.932813187725184 -0.0342792621469037 -0.0284035258836038
3.18 -0.929449698967815 -0.0435905765803689 -0.0383979045052354
3.19 -0.926086210210447 -0.05286825612626 -0.0483884433684141
3.2 -0.922722721453079 -0.0621123007845779 -0.0583741434275801
3.21 -0.91935923269571 -0.0713227105553216 -0.0683540061210478
3.22 -0.915995743938342 -0.0804994854384921 -0.0783270334708653
3.23 -0.912632255180974 -0.0896426254340885 -0.0882922281826076
3.24 -0.909268766423605 -0.0987521305421116 -0.0982485937451087
3.25 -0.905905277666237 -0.107828000762561 -0.108195134530108
3.26 -0.902541788908869 -0.116870236095436 -0.118130855891817
3.27 -0.8991783001515 -0.125878836540738 -0.12805476426638
3.28 -0.895814811394132 -0.134853802098466 -0.137965867271227
3.29 -0.892451322636764 -0.143795132768621 -0.147863173804319
3.3 -0.889087833879395 -0.152702828551201 -0.157745694143248
3.31 -0.885724345122027 -0.161576889446209 -0.167612440044218
3.32 -0.882360856364659 -0.170417315453642 -0.17746242484086
3.33 -0.87899736760729 -0.179224106573502 -0.187294663542903
3.34 -0.875633878849922 -0.187997262805788 -0.19710817293467
3.35 -0.872270390092554 -0.1967367841505 -0.2069019716734
3.36 -0.868906901335185 -0.205442670607639 -0.21667508038738
3.37 -0.865543412577817 -0.214114922177204 -0.226426521773883
3.38 -0.862179923820449 -0.222753538859195 -0.236155320696897
3.39 -0.85881643506308 -0.231358520653613 -0.245860504284637
3.4 -0.855452946305712 -0.239929867560457 -0.255541102026831
3.41 -0.852089457548344 -0.248467579579727 -0.265196145871773
3.42 -0.848725968790975 -0.256971656711424 -0.274824670323124
3.43 -0.845362480033607 -0.265442098955547 -0.284425712536463
3.44 -0.841998991276239 -0.273878906312096 -0.293998312415568
3.45 -0.83863550251887 -0.282282078781071 -0.303541512708429
3.46 -0.835272013761502 -0.290651616362473 -0.31305435910297
3.47 -0.831908525004134 -0.298987519056302 -0.322535900322479
3.48 -0.828545036246765 -0.307289786862556 -0.331985188220734
3.49 -0.825181547489397 -0.315558419781237 -0.341401277876821
3.5 -0.821818058732029 -0.323793417812344 -0.35078322768962
3.51 -0.81845456997466 -0.331994780955877 -0.360130099471968
3.52 -0.815091081217292 -0.340162509211837 -0.369440958544477
3.53 -0.811727592459924 -0.348296602580223 -0.378714873828998
3.54 -0.808364103702555 -0.356397061061036 -0.38795091794173
3.55 -0.805000614945187 -0.364463884654274 -0.39714816728596
3.56 -0.801637126187819 -0.372497073359939 -0.406305702144417
3.57 -0.79827363743045 -0.38049662717803 -0.415422606771246
3.58 -0.794910148673082 -0.388462546108548 -0.424497969483583
3.59 -0.791546659915714 -0.396394830151492 -0.433530882752718
3.6 -0.788183171158345 -0.404293479306863 -0.442520443294852
3.61 -0.784819682400977 -0.412158493574659 -0.451465752161423
3.62 -0.781456193643609 -0.419989872954882 -0.460365914828998
3.63 -0.77809270488624 -0.427787617447531 -0.469220041288727
3.64 -0.774729216128872 -0.435551727052607 -0.478027246135343
3.65 -0.771365727371504 -0.443282201770109 -0.486786648655699
3.66 -0.768002238614135 -0.450979041600037 -0.495497372916845
3.67 -0.764638749856767 -0.458642246542391 -0.504158547853611
3.68 -0.761275261099399 -0.466271816597172 -0.512769307355724
3.69 -0.75791177234203 -0.473867751764379 -0.521328790354406
3.7 -0.754548283584662 -0.481430052044013 -0.529836140908493
3.71 -0.751184794827294 -0.488958717436073 -0.538290508290018
3.72 -0.747821306069925 -0.496453747940559 -0.546691047069287
3.73 -0.744457817312557 -0.503915143557471 -0.555036917199424
3.74 -0.741094328555189 -0.51134290428681 -0.56332728410037
3.75 -0.73773083979782 -0.518737030128575 -0.571561318742344
3.76 -0.734367351040452 -0.526097521082766 -0.579738197728743
3.77 -0.731003862283084 -0.533424377149384 -0.587857103378483
3.78 -0.727640373525715 -0.540717598328428 -0.595917223807764
3.79 -0.724276884768347 -0.547977184619898 -0.603917753011261
3.8 -0.720913396010979 -0.555203136023795 -0.611857890942719
3.81 -0.71754990725361 -0.562395452540118 -0.619736843594963
3.82 -0.714186418496242 -0.569554134168867 -0.627553823079293
3.83 -0.710822929738874 -0.576679180910043 -0.635308047704276
3.84 -0.707459440981505 -0.583770592763645 -0.642998742053909
3.85 -0.704095952224137 -0.590828369729673 -0.650625137065167
3.86 -0.700732463466769 -0.597852511808127 -0.658186470104905
3.87 -0.6973689747094 -0.604843018999008 -0.665681985046119
3.88 -0.694005485952032 -0.611799891302315 -0.673110932343562
3.89 -0.690641997194664 -0.618723128718049 -0.680472569108694
3.9 -0.687278508437295 -0.625612731246209 -0.687766159183974
3.91 -0.683915019679927 -0.632468698886795 -0.694990973216472
3.92 -0.680551530922559 -0.639291031639807 -0.702146288730805
3.93 -0.67718804216519 -0.646079729505246 -0.709231390201386
3.94 -0.673824553407822 -0.652834792483111 -0.716245569123971
3.95 -0.670461064650454 -0.659556220573402 -0.723188124086512
3.96 -0.667097575893085 -0.66624401377612 -0.7300583608393
3.97 -0.663734087135717 -0.672898172091264 -0.736855592364383
3.98 -0.660370598378349 -0.679518695518834 -0.743579138944275
3.99 -0.65700710962098 -0.686105584058831 -0.750228328229919
4 -0.653643620863612 -0.692658837711254 -0.756802495307928
4.01 -0.644270562800344 -0.699148408629574 -0.763300982767073
4.02 -0.634897504737076 -0.705544248967261 -0.769723140764024
4.03 -0.625524446673807 -0.711846358724315 -0.776068327088332
4.04 -0.616151388610538 -0.718054737900737 -0.782335907226653
4.05 -0.60677833054727 -0.724169386496526 -0.788525254426195
4.06 -0.597405272484002 -0.730190304511682 -0.794635749757397
4.07 -0.588032214420733 -0.736117491946206 -0.800666782175818
4.08 -0.578659156357465 -0.741950948800097 -0.806617748583241
4.09 -0.569286098294197 -0.747690675073355 -0.812488053887984
4.1 -0.559913040230928 -0.753336670765981 -0.81827711106441
4.11 -0.550539982167659 -0.758888935877974 -0.823984341211626
4.12 -0.541166924104391 -0.764347470409334 -0.829609173611371
4.13 -0.531793866041123 -0.769712274360062 -0.835151045785093
4.14 -0.522420807977855 -0.774983347730157 -0.840609403550195
4.15 -0.513047749914586 -0.780160690519619 -0.845983701075447
4.16 -0.503674691851318 -0.785244302728448 -0.851273400935574
4.17 -0.494301633788049 -0.790234184356645 -0.856477974165001
4.18 -0.484928575724781 -0.795130335404209 -0.861596900310741
4.19 -0.475555517661512 -0.799932755871141 -0.866629667484444
4.2 -0.466182459598244 -0.80464144575744 -0.871575772413588
4.21 -0.456809401534976 -0.809256405063106 -0.876434720491801
4.22 -0.447436343471708 -0.813777633788139 -0.881206025828325
4.23 -0.438063285408439 -0.81820513193254 -0.885889211296603
4.24 -0.428690227345171 -0.822538899496308 -0.890483808581989
4.25 -0.419317169281902 -0.826778936479443 -0.894989358228583
4.26 -0.409944111218634 -0.830925242881946 -0.899405409685178
4.27 -0.400571053155366 -0.834977818703816 -0.903731521350305
4.28 -0.391197995092097 -0.838936663945053 -0.907967260616405
4.29 -0.381824937028829 -0.842801778605658 -0.91211220391308
4.3 -0.372451878965561 -0.84657316268563 -0.916165936749455
4.31 -0.363078820902292 -0.850250816184969 -0.920128053755624
4.32 -0.353705762839023 -0.853834739103676 -0.923998158723188
4.33 -0.344332704775755 -0.85732493144175 -0.927775864644875
4.34 -0.334959646712487 -0.860721393199191 -0.931460793753243
4.35 -0.325586588649219 -0.864024124375999 -0.935052577558449
4.36 -0.31621353058595 -0.867233124972175 -0.938550856885108
4.37 -0.306840472522682 -0.870348394987718 -0.941955281908201
4.38 -0.297467414459413 -0.873369934422629 -0.945265512188063
4.39 -0.288094356396145 -0.876297743276907 -0.948481216704426
4.4 -0.278721298332876 -0.879131821550552 -0.951602073889516
4.41 -0.269348240269608 -0.881872169243564 -0.954627771660216
4.42 -0.25997518220634 -0.884518786355944 -0.957558007449271
4.43 -0.250602124143072 -0.887071672887691 -0.960392488235543
4.44 -0.241229066079803 -0.889530828838805 -0.963130930573317
4.45 -0.231856008016535 -0.891896254209287 -0.965773060620639
4.46 -0.222482949953266 -0.894167948999136 -0.968318614166707
4.47 -0.213109891889998 -0.896345913208352 -0.970767336658288
4.48 -0.203736833826729 -0.898430146836936 -0.973118983225174
4.49 -0.194363775763461 -0.900420649884887 -0.975373318704666
4.5 -0.184990717700193 -0.902317422352205 -0.977530117665097
4.51 -0.175617659636925 -0.904120464238891 -0.979589164428367
4.52 -0.166244601573656 -0.905829775544944 -0.981550253091515
4.53 -0.156871543510387 -0.907445356270364 -0.983413187547311
4.54 -0.147498485447119 -0.908967206415151 -0.985177781503859
4.55 -0.138125427383851 -0.910395325979306 -0.986843858503237
4.56 -0.128752369320583 -0.911729714962828 -0.98841125193913
4.57 -0.119379311257314 -0.912970373365718 -0.989879805073504
4.58 -0.110006253194046 -0.914117301187975 -0.991249371052267
4.59 -0.100633195130778 -0.915170498429599 -0.992519812919963
4.6 -0.0912601370675094 -0.91612996509059 -0.993691003633464
4.61 -0.0818870790042403 -0.916995701170949 -0.994762826074676
4.62 -0.0725140209409721 -0.917767706670675 -0.995735173062245
4.63 -0.063140962877704 -0.918445981589769 -0.996607947362286
4.64 -0.0537679048144357 -0.919030525928229 -0.997381061698093
4.65 -0.0443948467511668 -0.919521339686057 -0.998054438758879
4.66 -0.0350217886878985 -0.919918422863253 -0.998628011207499
4.67 -0.0256487306246304 -0.920221775459815 -0.999101721687185
4.68 -0.0162756725613622 -0.920431397475745 -0.999475522827284
4.69 -0.00690261449809315 -0.920547288911042 -0.999749377247994
4.7 0.00247044356517501 -0.920569449765707 -0.999923257564101
4.71 0.0118435016284432 -0.920497880039739 -0.999997146387718
4.72 0.0212165596917113 -0.920332579733138 -0.999971036330024
4.73 0.0305896177549804 -0.920073548845905 -0.999844930002004
4.74 0.0399626758182485 -0.919720787378039 -0.999618840014185
4.75 0.0493357338815167 -0.91927429532954 -0.999292788975378
4.76 0.058708791944785 -0.918734072700408 -0.998866809490414
4.77 0.0680818500080531 -0.918100119490644 -0.998340944156888
4.78 0.0774549080713222 -0.917372435700247 -0.997715245560893
4.79 0.0868279661345903 -0.916551021329218 -0.99698977627177
4.8 0.0962010241978585 -0.915635876377555 -0.996164608835841
4.81 0.105574082261127 -0.91462700084526 -0.995239825769163
4.82 0.114947140324396 -0.913524394732333 -0.994215519549271
4.83 0.124320198387664 -0.912328058038772 -0.993091792605935
4.84 0.133693256450932 -0.91103799076458 -0.991868757310913
4.85 0.1430663145142 -0.909654192909754 -0.990546535966713
4.86 0.152439372577469 -0.908176664474295 -0.98912526079437
4.87 0.161812430640737 -0.906605405458204 -0.987605073920215
4.88 0.171185488704006 -0.904940415861481 -0.98598612736167
4.89 0.180558546767274 -0.903181695684124 -0.984268583012042
4.9 0.189931604830543 -0.901329244926135 -0.982452612624332
4.91 0.199304662893811 -0.899383063587514 -0.980538397794069
4.92 0.208677720957079 -0.897343151668259 -0.978526129941139
4.93 0.218050779020347 -0.895209509168372 -0.97641601029065
4.94 0.227423837083616 -0.892982136087852 -0.974208249852809
4.95 0.236796895146885 -0.8906610324267 -0.971903069401821
4.96 0.246169953210153 -0.888246198184914 -0.969500699453809
4.97 0.255543011273421 -0.885737633362497 -0.967001380243766
4.98 0.26491606933669 -0.883135337959446 -0.96440536170153
4.99 0.274289127399958 -0.880439311975763 -0.961712903426793
5 0.283662185463226 -0.877649555411447 -0.958924274663138
5.01 0.290427266475097 -0.874779108151755 -0.956039754271118
5.02 0.297192347486969 -0.871841010081945 -0.953059630700368
5.03 0.303957428498841 -0.868835261202016 -0.949984201960761
5.04 0.310722509510712 -0.865761861511968 -0.946813775592609
5.05 0.317487590522583 -0.862620811011802 -0.943548668635907
5.06 0.324252671534454 -0.859412109701517 -0.940189207598629
5.07 0.331017752546326 -0.856135757581112 -0.936735728424079
5.08 0.337782833558197 -0.85279175465059 -0.933188576457298
5.09 0.344547914570069 -0.849380100909949 -0.929548106410525
5.1 0.35131299558194 -0.845900796359189 -0.925814682327732
5.11 0.358078076593812 -0.84235384099831 -0.921988677548216
5.12 0.364843157605683 -0.838739234827312 -0.918070474669267
5.13 0.371608238617554 -0.835056977846196 -0.914060465507907
5.14 0.378373319629426 -0.831307070054961 -0.909959051061711
5.15 0.385138400641297 -0.827489511453607 -0.905766641468704
5.16 0.391903481653169 -0.823604302042135 -0.901483655966355
5.17 0.39866856266504 -0.819651441820544 -0.897110522849642
5.18 0.405433643676911 -0.815630930788835 -0.892647679428235
5.19 0.412198724688783 -0.811542768947006 -0.888095571982754
5.2 0.418963805700654 -0.807386956295059 -0.883454655720153
5.21 0.425728886712526 -0.803163492832993 -0.87872539472819
5.22 0.432493967724397 -0.798872378560808 -0.873908261929022
5.23 0.439259048736269 -0.794513613478505 -0.869003739031916
5.24 0.44602412974814 -0.790087197586083 -0.864012316485074
5.25 0.452789210760011 -0.785593130883542 -0.858934493426592
5.26 0.459554291771882 -0.781031413370883 -0.853770777634543
5.27 0.466319372783754 -0.776402045048105 -0.848521685476205
5.28 0.473084453795626 -0.771705025915208 -0.843187741856417
5.29 0.479849534807497 -0.766940355972192 -0.837769480165098
5.3 0.486614615819368 -0.762108035219058 -0.832267442223901
5.31 0.493379696831239 -0.757208063655805 -0.826682178232036
5.32 0.500144777843111 -0.752240441282433 -0.821014246711247
5.33 0.506909858854982 -0.747205168098942 -0.815264214449963
5.34 0.513674939866854 -0.742102244105333 -0.809432656446619
5.35 0.520440020878725 -0.736931669301605 -0.803520155852156
5.36 0.527205101890597 -0.731693443687759 -0.797527303911704
5.37 0.533970182902468 -0.726387567263793 -0.791454699905466
5.38 0.540735263914339 -0.721014040029709 -0.785302951088781
5.39 0.547500344926211 -0.715572861985507 -0.779072672631403
5.4 0.554265425938082 -0.710064033131185 -0.772764487555987
5.41 0.561030506949954 -0.704487553466745 -0.766379026675784
5.42 0.567795587961825 -0.698843422992186 -0.759916928531561
5.43 0.574560668973696 -0.693131641707509 -0.753378839327747
5.44 0.581325749985568 -0.687352209612712 -0.746765412867812
5.45 0.588090830997439 -0.681505126707797 -0.740077310488894
5.46 0.59485591200931 -0.675590392992763 -0.733315200995657
5.47 0.601620993021182 -0.669608008467611 -0.726479760593413
5.48 0.608386074033054 -0.66355797313234 -0.719571672820507
5.49 0.615151155044925 -0.65744028698695 -0.712591628479961
5.5 0.621916236056796 -0.651254950031441 -0.705540325570392
5.51 0.628681317068667 -0.645001962265814 -0.698418469216214
5.52 0.635446398080539 -0.638681323690068 -0.691226771597127
5.53 0.64221147909241 -0.632293034304203 -0.683965951876901
5.54 0.648976560104282 -0.62583709410822 -0.676636736131457
5.55 0.655741641116153 -0.619313503102118 -0.669239857276262
5.56 0.662506722128024 -0.612722261285897 -0.661776054993038
5.57 0.669271803139896 -0.606063368659557 -0.654246075655791
5.58 0.676036884151767 -0.599336825223099 -0.646650672256183
5.59 0.682801965163639 -0.592542630976522 -0.638990604328224
5.6 0.68956704617551 -0.585680785919826 -0.631266637872322
5.61 0.696332127187382 -0.578751290053011 -0.623479545278685
5.62 0.703097208199253 -0.571754143376078 -0.615630105250086
5.63 0.709862289211124 -0.564689345889027 -0.607719102723986
5.64 0.716627370222995 -0.557556897591856 -0.599747328794044
5.65 0.723392451234867 -0.550356798484566 -0.591715580631009
5.66 0.730157532246739 -0.543089048567158 -0.583624661403007
5.67 0.73692261325861 -0.535753647839632 -0.575475380195217
5.68 0.743687694270481 -0.528350596301987 -0.567268551928969
5.69 0.750452775282353 -0.520879893954222 -0.559004997280249
5.7 0.757217856294224 -0.513341540796339 -0.550685542597638
5.71 0.763982937306095 -0.505735536828338 -0.54231101981967
5.72 0.770748018317967 -0.498061882050218 -0.533882266391644
5.73 0.777513099329838 -0.490320576461978 -0.525400125181879
5.74 0.78427818034171 -0.48251162006362 -0.516865444397429
5.75 0.791043261353581 -0.474635012855144 -0.508279077499258
5.76 0.797808342365452 -0.466690754836549 -0.499641883116902
5.77 0.804573423377323 -0.458678846007835 -0.490954724962602
5.78 0.811338504389195 -0.450599286369002 -0.482218471744932
5.79 0.818103585401067 -0.442452075920051 -0.473433997081935
5.8 0.824868666412938 -0.434237214660981 -0.464602179413757
5.81 0.831633747424809 -0.425954702591793 -0.455723901914805
5.82 0.838398828436681 -0.417604539712485 -0.44680005240543
5.83 0.845163909448552 -0.409186726023059 -0.437831523263147
5.84 0.851928990460423 -0.400701261523514 -0.428819211333396
5.85 0.858694071472295 -0.392148146213851 -0.41976401783986
5.86 0.865459152484167 -0.383527380094068 -0.410666848294341
5.87 0.872224233496038 -0.374838963164167 -0.401528612406215
5.88 0.878989314507909 -0.366082895424147 -0.392350223991454
5.89 0.88575439551978 -0.357259176874009 -0.383132600881251
5.9 0.892519476531652 -0.348367807513751 -0.373876664830236
5.91 0.899284557543524 -0.339408787343376 -0.364583341424301
5.92 0.906049638555395 -0.330382116362881 -0.355253559988043
5.93 0.912814719567266 -0.321287794572268 -0.345888253491829
5.94 0.919579800579138 -0.312125821971535 -0.336488358458504
5.95 0.926344881591009 -0.302896198560685 -0.327054814869741
5.96 0.93310996260288 -0.293598924339716 -0.317588566072035
5.97 0.939875043614752 -0.284233999308628 -0.308090558682378
5.98 0.946640124626623 -0.27480142346742 -0.298561742493594
5.99 0.953405205638495 -0.265301196816095 -0.289003070379361
6 0.960170286650366 -0.255733319354651 -0.279415498198926
6.01 0.958107606327295 -0.246141929889763 -0.269799984701516
6.02 0.956044926004225 -0.236571167228105 -0.260157491430469
6.03 0.953982245681154 -0.227021031369678 -0.250488982627075
6.04 0.951919565358084 -0.217491522314482 -0.240795425134159
6.05 0.949856885035013 -0.207982640062516 -0.231077788299392
6.06 0.947794204711942 -0.198494384613782 -0.22133704387836
6.07 0.945731524388872 -0.189026755968277 -0.211574165937385
6.08 0.943668844065801 -0.179579754126004 -0.201790130756129
6.09 0.94160616374273 -0.170153379086961 -0.191985916729955
6.1 0.93954348341966 -0.16074763085115 -0.182162504272096
6.11 0.937480803096589 -0.151362509418568 -0.17232087571561
6.12 0.935418122773519 -0.141998014789218 -0.162462015215154
6.13 0.933355442450448 -0.132654146963098 -0.152586908648561
6.14 0.931292762127377 -0.123330905940209 -0.142696543518259
6.15 0.929230081804307 -0.11402829172055 -0.132791908852517
6.16 0.927167401481236 -0.104746304304122 -0.12287399510655
6.17 0.925104721158166 -0.0954849436909256 -0.112943794063467
6.18 0.923042040835095 -0.0862442098809595 -0.103002298735098
6.19 0.920979360512024 -0.0770241028742233 -0.0930505032626889
6.2 0.918916680188954 -0.0678246226707186 -0.0830894028174964
6.21 0.916853999865883 -0.0586457692704446 -0.0731199935012631
6.22 0.914791319542813 -0.0494875426734013 -0.0631432722466128
6.23 0.912728639219742 -0.0403499428795879 -0.0531602367173561
6.24 0.910665958896671 -0.0312329698890061 -0.0431718852087287
6.25 0.908603278573601 -0.0221366237016549 -0.0331792165475568
6.26 0.90654059825053 -0.0130609043175344 -0.0231832299923794
6.27 0.904477917927459 -0.00400581173664466 -0.0131849251335221
6.28 0.902415237604389 0.00502865404101516 -0.00318530179313799
6.29 0.900352557281318 0.0140424930154435 0.00681464007477018
6.3 0.898289876958248 0.0230357051866412 0.0168139004843497
6.31 0.896227196635177 0.0320082905546081 0.0268114795178924
6.32 0.894164516312106 0.0409602491193451 0.0368063774258269
6.33 0.892101835989036 0.0498915808808506 0.0467975947266899
6.34 0.890039155665965 0.0588022858391254 0.0567841323070781
6.35 0.887976475342895 0.0676923639941696 0.0667649915215555
6.36 0.885913795019824 0.0765618153459837 0.0767391742925189
6.37 0.883851114696753 0.0854106398945664 0.0867056832100013
6.38 0.881788434373683 0.0942388376399184 0.0966635216314172
6.39 0.879725754050612 0.10304640858204 0.106611693781223
6.4 0.877663073727541 0.111833352720931 0.116549204850494
6.41 0.875600393404471 0.120599670056591 0.126475061096403
6.42 0.8735377130814 0.12934536058902 0.136388269941598
6.43 0.87147503275833 0.138070424318219 0.146287840073455
6.44 0.869412352435259 0.146774861244187 0.156172781543212
6.45 0.867349672112188 0.155458671366924 0.166042105864957
6.46 0.865286991789118 0.16412185468643 0.175894826114484
6.47 0.863224311466047 0.172764411202706 0.185729957027978
6.48 0.861161631142976 0.181386340915752 0.195546515100544
6.49 0.859098950819906 0.189987643825566 0.205343518684555
6.5 0.857036270496835 0.19856831993215 0.215119988087816
6.51 0.854973590173765 0.207128369235502 0.224874945671534
6.52 0.852910909850694 0.215667791735625 0.23460741594808
6.53 0.850848229527623 0.224186587432517 0.244316425678538
6.54 0.848785549204553 0.232684756326177 0.254001003970023
6.55 0.846722868881482 0.241162298416607 0.263660182372778
6.56 0.844660188558412 0.249619213703807 0.273292994977012
6.57 0.842597508235341 0.258055502187776 0.282898478509493
6.58 0.84053482791227 0.266471163868514 0.29247567242987
6.59 0.8384721475892 0.274866198746021 0.302023619026732
6.6 0.836409467266129 0.283240606820298 0.311541363513378
6.61 0.834346786943059 0.291594388091344 0.32102795412329
6.62 0.832284106619988 0.299927542559159 0.330482442205311
6.63 0.830221426296917 0.308240070223743 0.339903882318513
6.64 0.828158745973847 0.316531971085097 0.349291332326735
6.65 0.826096065650776 0.324803245143221 0.3586438534928
6.66 0.824033385327705 0.333053892398113 0.367960510572385
6.67 0.821970705004635 0.341283912849775 0.377240371907544
6.68 0.819908024681564 0.349493306498205 0.386482509519879
6.69 0.817845344358494 0.357682073343406 0.395685999203331
6.7 0.815782664035423 0.365850213385376 0.404849920616598
6.71 0.813719983712352 0.373997726624114 0.413973357375178
6.72 0.811657303389282 0.382124613059622 0.423055397142997
6.73 0.809594623066211 0.3902308726919 0.432095131723647
6.74 0.807531942743141 0.398316505520947 0.441091657151202
6.75 0.80546926242007 0.406381511546763 0.450044073780618
6.76 0.803406582096999 0.414425890769348 0.45895148637769
6.77 0.801343901773929 0.422449643188702 0.467813004208584
6.78 0.799281221450858 0.430452768804827 0.476627741128899
6.79 0.797218541127787 0.43843526761772 0.48539481567229
6.8 0.795155860804717 0.446397139627382 0.494113351138608
6.81 0.793093180481646 0.454338384833814 0.502782475681572
6.82 0.791030500158576 0.462259003237016 0.511401322395952
6.83 0.788967819835505 0.470158994836986 0.519969029404259
6.84 0.786905139512434 0.478038359633725 0.528484739942931
6.85 0.784842459189364 0.485897097627234 0.536947602448011
6.86 0.782779778866293 0.493735208817513 0.545356770640302
6.87 0.780717098543223 0.50155269320456 0.553711403609991
6.88 0.778654418220152 0.509349550788377 0.562010665900743
6.89 0.776591737897081 0.517125781568963 0.570253727593246
6.9 0.774529057574011 0.524881385546319 0.5784397643882
6.91 0.77246637725094 0.532616362720444 0.586567957688746
6.92 0.77040369692787 0.540330713091338 0.594637494682329
6.93 0.768341016604799 0.548024436659001 0.602647568421972
6.94 0.766278336281728 0.555697533423434 0.610597377906979
6.95 0.764215655958658 0.563350003384636 0.618486128163024
6.96 0.762152975635587 0.570981846542607 0.626313030321656
6.97 0.760090295312516 0.578593062897347 0.634077301699181
6.98 0.758027614989446 0.586183652448857 0.641778165874934
6.99 0.755964934666375 0.593753615197136 0.649414852768911
7 0.753902254343305 0.601302951142185 0.656986598718789
7.01 0.744908231461786 0.60879700357121 0.664492646556282
7.02 0.735914208580267 0.61620111577142 0.671932245682861
7.03 0.726920185698747 0.623515287742816 0.679304652144815
7.04 0.717926162817228 0.630739519485395 0.686609128707638
7.05 0.708932139935709 0.63787381099916 0.693844944929764
7.06 0.69993811705419 0.644918162284109 0.701011377235598
7.07 0.69094409417267 0.651872573340244 0.708107708987884
7.08 0.681950071291151 0.658737044167563 0.715133230559358
7.09 0.672956048409632 0.665511574766067 0.722087239403718
7.1 0.663962025528113 0.672196165135755 0.728969040125876
7.11 0.654968002646593 0.678790815276629 0.735777944551494
7.12 0.645973979765074 0.685295525188687 0.742513271795802
7.13 0.636979956883555 0.69171029487193 0.749174348331689
7.14 0.627985934002036 0.698035124326358 0.755760508057054
7.15 0.618991911120517 0.704270013551971 0.762271092361411
7.16 0.609997888238998 0.710414962548769 0.768705450191756
7.17 0.601003865357479 0.716469971316751 0.775062938117667
7.18 0.59200984247596 0.722435039855918 0.78134292039565
7.19 0.58301581959444 0.728310168166271 0.787544769032711
7.2 0.574021796712921 0.734095356247807 0.793667863849153
7.21 0.565027773831402 0.739790604100529 0.799711592540598
7.22 0.556033750949883 0.745395911724435 0.805675350739213
7.23 0.547039728068363 0.750911279119527 0.811558542074149
7.24 0.538045705186844 0.756336706285803 0.817360578231173
7.25 0.529051682305325 0.761672193223263 0.823080879011506
7.26 0.520057659423806 0.766917739931909 0.828718872389835
7.27 0.511063636542287 0.772073346411739 0.834273994571523
7.28 0.502069613660767 0.777139012662755 0.83974569004898
7.29 0.493075590779248 0.782114738684955 0.845133411657217
7.3 0.484081567897729 0.78700052447834 0.850436620628564
7.31 0.47508754501621 0.791796370042909 0.855654786646543
7.32 0.466093522134691 0.796502275378664 0.860787387898902
7.33 0.457099499253172 0.801118240485603 0.86583391112979
7.34 0.448105476371653 0.805644265363727 0.870793851691091
7.35 0.439111453490134 0.810080350013036 0.875666713592882
7.36 0.430117430608614 0.81442649443353 0.880452009553034
7.37 0.421123407727095 0.818682698625208 0.885149261045938
7.38 0.412129384845576 0.822848962588072 0.88975799835036
7.39 0.403135361964057 0.82692528632212 0.894277760596408
7.4 0.394141339082537 0.830911669827353 0.898708095811627
7.41 0.385147316201018 0.834808113103771 0.903048560966185
7.42 0.376153293319499 0.838614616151373 0.907298722017184
7.43 0.36715927043798 0.842331178970161 0.911458153952061
7.44 0.35816524755646 0.845957801560133 0.91552644083109
7.45 0.349171224674941 0.84949448392129 0.919503175828971
7.46 0.340177201793422 0.852941226053632 0.923387961275519
7.47 0.331183178911903 0.856298027957158 0.927180408695427
7.48 0.322189156030384 0.85956488963187 0.930880138847114
7.49 0.313195133148865 0.862741811077766 0.934486781760646
7.5 0.304201110267346 0.865828792294847 0.937999976774739
7.51 0.295207087385827 0.868825833283113 0.941419372572818
7.52 0.286213064504308 0.871732934042563 0.944744627218154
7.53 0.277219041622788 0.874550094573199 0.947975408188052
7.54 0.268225018741269 0.877277314875019 0.951111392407109
7.55 0.25923099585975 0.879914594948024 0.954152266279515
7.56 0.250236972978231 0.882461934792214 0.957097725720417
7.57 0.241242950096711 0.884919334407589 0.959947476186326
7.58 0.232248927215192 0.887286793794149 0.96270123270457
7.59 0.223254904333673 0.889564312951893 0.965358719901792
7.6 0.214260881452154 0.891751891880822 0.967919672031486
7.61 0.205266858570634 0.893849530580936 0.970383833000575
7.62 0.196272835689115 0.895857229052235 0.972750956395014
7.63 0.187278812807596 0.897774987294718 0.975020805504436
7.64 0.178284789926077 0.899602805308387 0.977193153345823
7.65 0.169290767044557 0.90134068309324 0.9792677826862
7.66 0.160296744163039 0.902988620649278 0.981244486064362
7.67 0.15130272128152 0.904546617976501 0.983123065811619
7.68 0.1423086984 0.906014675074908 0.984903334071561
7.69 0.133314675518481 0.907392791944501 0.986585112818846
7.7 0.124320652636962 0.908680968585278 0.988168233877
7.71 0.115326629755443 0.90987920499724 0.989652538935238
7.72 0.106332606873924 0.910987501180387 0.99103787956429
7.73 0.097338583992404 0.912005857134718 0.992324117231247
7.74 0.088344561110885 0.912934272860235 0.993511123313416
7.75 0.079350538229366 0.913772748356936 0.994598779111176
7.76 0.070356515347847 0.914521283624822 0.995586975859855
7.77 0.061362492466328 0.915179878663893 0.996475614740601
7.78 0.0523684695848082 0.915748533474149 0.997264606890266
7.79 0.0433744467032893 0.916227248055589 0.997953873410293
7.8 0.0343804238217702 0.916616022408214 0.998543345374605
7.81 0.0253864009402512 0.916914856532025 0.999032963836496
7.82 0.0163923780587315 0.91712375042702 0.999422679834528
7.83 0.00739835517721243 0.917242704093199 0.999712454397426
7.84 -0.00159566770430652 0.917271717530564 0.999902258547975
7.85 -0.0105896905858255 0.917210790739113 0.999992073305919
7.86 -0.0195837134673453 0.917059923718847 0.999981889689856
7.87 -0.0285777363488643 0.916819116469766 0.999871708718139
7.88 -0.0375717592303833 0.91648836899187 0.999661541408774
7.89 -0.0465657821119022 0.916067681285158 0.999351408778317
7.9 -0.0555598049934221 0.915557053349632 0.998941341839772
7.91 -0.064553827874941 0.91495648518529 0.998431381599491
7.92 -0.07354785075646 0.914265976792133 0.997821579053074
7.93 -0.082541873637979 0.913485528170161 0.997111995180267
7.94 -0.0915358965194988 0.912615139319373 0.996302700938866
7.95 -0.100529919401018 0.911654810239771 0.99539377725762
7.96 -0.109523942282537 0.910604540931353 0.99438531502814
7.97 -0.118517965164056 0.90946433139412 0.99327741509581
7.98 -0.127511988045576 0.908234181628072 0.992070188249698
7.99 -0.136506010927095 0.906914091633209 0.990763755211484
8 -0.145500033808614 0.90550406140953 0.989358246623382
8.01 -0.153156336089374 0.90401077956004 0.98785380303508
8.02 -0.160812638370134 0.902440934687743 0.986250574889684
8.03 -0.168468940650895 0.900794526792638 0.984548722508671
8.04 -0.176125242931655 0.899071555874725 0.982748416075862
8.05 -0.183781545212417 0.897272021934004 0.9808498356204
8.06 -0.191437847493178 0.895395924970476 0.978853170998747
8.07 -0.199094149773938 0.893443264984141 0.976758621875704
8.08 -0.206750452054699 0.891414041974998 0.974566397704435
8.09 -0.214406754335459 0.889308255943047 0.972276717705532
8.1 -0.22206305661622 0.887125906888289 0.969889810845086
8.11 -0.22971935889698 0.884866994810723 0.967405915811795
8.12 -0.237375661177741 0.882531519710349 0.964825280993091
8.13 -0.245031963458502 0.880119481587167 0.962148164450306
8.14 -0.252688265739263 0.877630880441179 0.959374833892864
8.15 -0.260344568020023 0.875065716272382 0.956505566651509
8.16 -0.268000870300784 0.872423989080778 0.953540649650574
8.17 -0.275657172581544 0.869705698866367 0.950480379379289
8.18 -0.283313474862305 0.866910845629148 0.94732506186213
8.19 -0.290969777143065 0.864039429369121 0.94407501262822
8.2 -0.298626079423826 0.861091450086286 0.940730556679773
8.21 -0.306282381704587 0.858066907780644 0.937292028459598
8.22 -0.313938683985348 0.854965802452194 0.933759771817651
8.23 -0.321594986266108 0.851788134100937 0.930134139976653
8.24 -0.329251288546869 0.848533902726872 0.926415495496766
8.25 -0.336907590827629 0.84520310833 0.92260421023934
8.26 -0.34456389310839 0.84179575091032 0.918700665329725
8.27 -0.35222019538915 0.838311830467832 0.914705251119158
8.28 -0.359876497669911 0.834751347002537 0.91061836714573
8.29 -0.367532799950671 0.831114300514434 0.906440422094435
8.3 -0.375189102231433 0.827400691003523 0.902171833756293
8.31 -0.382845404512194 0.823610518469805 0.897813028986584
8.32 -0.390501706792954 0.819743782913279 0.893364443662152
8.33 -0.398158009073715 0.815800484333946 0.888826522637821
8.34 -0.405814311354475 0.811780622731805 0.884199719701913
8.35 -0.413470613635235 0.807684198106857 0.879484497530865
8.36 -0.421126915915996 0.803511210459101 0.874681327642965
8.37 -0.428783218196756 0.799261659788537 0.8697906903512
8.38 -0.436439520477518 0.794935546095165 0.864813074715222
8.39 -0.444095822758279 0.790532869378986 0.859748978492448
8.4 -0.451752125039039 0.786053629639999 0.85459890808828
8.41 -0.4594084273198 0.781497826878205 0.849363378505467
8.42 -0.46706472960056 0.776865461093604 0.844042913292604
8.43 -0.474721031881321 0.772156532286194 0.838638044491778
8.44 -0.482377334162081 0.767371040455977 0.833149312585366
8.45 -0.490033636442842 0.762508985602953 0.827577266441984
8.46 -0.497689938723603 0.75757036772712 0.821922463261602
8.47 -0.505346241004364 0.75255518682848 0.816185468519828
8.48 -0.513002543285124 0.747463442907033 0.810366855911355
8.49 -0.520658845565885 0.742295135962778 0.804467207292594
8.5 -0.528315147846645 0.737050265995715 0.79848711262349
8.51 -0.535971450127406 0.731728833005845 0.792427169908528
8.52 -0.543627752408166 0.726330836993168 0.786287985136929
8.53 -0.551284054688927 0.720856277957682 0.780070172222054
8.54 -0.558940356969687 0.715305155899389 0.773774352940013
8.55 -0.566596659250449 0.709677470818288 0.767401156867487
8.56 -0.574252961531209 0.70397322271438 0.760951221318774
8.57 -0.58190926381197 0.698192411587664 0.754425191282053
8.58 -0.58956556609273 0.69233503743814 0.74782371935489
8.59 -0.597221868373491 0.686401100265809 0.741147465678975
8.6 -0.604878170654251 0.680390600070671 0.734397097874113
8.61 -0.612534472935012 0.674303536852725 0.72757329097146
8.62 -0.620190775215772 0.668139910611971 0.720676727346018
8.63 -0.627847077496534 0.661899721348408 0.713708096648402
8.64 -0.635503379777295 0.655582969062039 0.706668095735878
8.65 -0.643159682058055 0.649189653752863 0.699557428602668
8.66 -0.650815984338815 0.642719775420878 0.69237680630956
8.67 -0.658472286619576 0.636173334066087 0.685126946912801
8.68 -0.666128588900336 0.629550329688487 0.677808575392287
8.69 -0.673784891181097 0.62285076228808 0.670422423579072
8.7 -0.681441193461857 0.616074631864866 0.662969230082183
8.71 -0.689097495742619 0.609221938418842 0.655449740214757
8.72 -0.69675379802338 0.602292681950012 0.647864705919518
8.73 -0.70441010030414 0.595286862458375 0.640214885693571
8.74 -0.712066402584901 0.58820447994393 0.632501044512566
8.75 -0.719722704865661 0.581045534406677 0.624723953754192
8.76 -0.727379007146422 0.573810025846617 0.616884391121045
8.77 -0.735035309427182 0.566497954263749 0.608983140562854
8.78 -0.742691611707943 0.559109319658074 0.60102099219809
8.79 -0.750347913988703 0.55164412202959 0.592998742234957
8.8 -0.758004216269465 0.544102361378298 0.584917192891762
8.81 -0.765660518550225 0.5364840377042 0.576777152316708
8.82 -0.773316820830986 0.528789151007294 0.56857943450707
8.83 -0.780973123111746 0.521017701287581 0.560324859227795
8.84 -0.788629425392507 0.51316968854506 0.552014251929533
8.85 -0.796285727673267 0.505245112779731 0.543648443666088
8.86 -0.803942029954028 0.497243973991595 0.535228271011316
8.87 -0.811598332234788 0.489166272180651 0.526754575975465
8.88 -0.81925463451555 0.481012007346898 0.518228205920975
8.89 -0.82691093679631 0.472781179490339 0.50965001347775
8.9 -0.834567239077071 0.464473788610972 0.501020856457885
8.91 -0.842223541357831 0.456089834708798 0.492341597769889
8.92 -0.849879843638592 0.447629317783816 0.4836131053324
8.93 -0.857536145919352 0.439092237836026 0.474836251987387
8.94 -0.865192448200113 0.430478594865429 0.466011915412871
8.95 -0.872848750480873 0.421788388872024 0.457140978035156
8.96 -0.880505052761635 0.41302161985581 0.448224326940585
8.97 -0.888161355042396 0.40417828781679 0.439262853786841
8.98 -0.895817657323156 0.395258392754963 0.430257454713769
8.99 -0.903473959603917 0.386261934670328 0.421209030253772
9 -0.911130261884677 0.377188913562885 0.412118485241757
