0 1 9.99999971718069E-10 1.00000000012234 -1.09350976051914E-08 1 1 0 0 0.022564575 0.02
0 1 9.99999971718069E-10 1.00000000012234 -1.09350976051914E-08
0.02 1.1 0.0225646768145792 1.04648579853525 0.0454376819094611 1.4 1.4 0.3364722 1 0.045111106 0.04
0.02 1.1 0.0225646768145792 1.04648579853525 0.0454376819094611
0.04 1.2 0.045111243203504 1.10180251959148 0.0969474829429307 1.8 1.8 0.5877866 2 0.067621594 0.06
0.04 1.2 0.045111243203504 1.10180251959148 0.0969474829429307
0.06 1.3 0.0676217229738039 1.16671187192963 0.154189417059552 2.2 2.64 0.9707789 3 0.090078126 0.08
0.06 1.3 0.0676217229738039 1.16671187192963 0.154189417059552
0.08 1.4 0.0900782200537199 1.24216942196085 0.216859375908147 2.6 4.159999 1.425515 4 0.112462916 0.1
0.08 1.4 0.0900782200537199 1.24216942196085 0.216859375908147
0.1 1.5 0.112462967286878 1.32934038829072 0.284682862118797 3 6 1.791759 5 0.222702589 0.2
0.1 1.5 0.112462967286878 1.32934038829072 0.284682862118797
0.12 1.6 0.13475834863293 1.42962445657433 0.357411783993929 3.4 11.424 2.435717 6 0.328626759 0.3
0.12 1.6 0.13475834863293 1.42962445657433 0.357411783993929
0.14 1.7 0.156946987134711 1.54468590465087 0.434820584118027 3.8 19.152 2.952407 7 0.428392355 0.4
0.14 1.7 0.156946987134711 1.54468590465087 0.434820584118027
0.16 1.8 0.17901172398423 1.67649072068331 0.516702744751774 4.2 35.48159 3.569014 8 0.520499878 0.5
0.16 1.8 0.17901172398423 1.67649072068331 0.516702744751774
0.18 1.9 0.200935732966438 1.82735523453251 0.602869687608407 4.6 68.88959 4.232505 9 0.603856091 0.6
0.18 1.9 0.200935732966438 1.82735523453251 0.602869687608407
0.2 2 0.222702461089288 2.00000000024468 0.693147169624848 5 120 4.787492 10 0.677801194 0.7
0.2 2 0.222702461089288 2.00000000024468 0.693147169624848
0.22 2.1 0.244295772503838 2.19762007712336 0.787374981225775 5.4 271.4343 5.60372 11 0.742100965 0.8
0.22 2.1 0.244295772503838 2.19762007712336 0.787374981225775
0.24 2.2 0.265699919150917 2.42396559563929 0.885404864981617 5.8 533.1918 6.278881 12 0.796908212 0.9
0.24 2.2 0.265699919150917 2.42396559563929 0.885404864981617
0.26 2.3 0.286899591627719 2.68343724980499 0.987098519262606 6.2 1143.926 7.042222 13 0.842700793 1
0.26 2.3 0.286899591627719 2.68343724980499 0.987098519262606
0.28 2.4 0.307879967467406 2.98120673116856 1.09232815299848 6.6 2546.159 7.842341 14 0.88020507 1.1
0.28 2.4 0.307879967467406 2.98120673116856 1.09232815299848
0.3 2.5 0.328626695022616 3.32335097072679 1.20097359399295 7 5040 8.525162 15 0.910313978 1.2
0.3 2.5 0.328626695022616 3.32335097072679 1.20097359399295
0.32 2.6 0.349125939365784 3.71702345075365 1.31292319234158 7.4 12855.13 9.461498 16 0.934007945 1.3
0.32 2.6 0.349125939365784 3.71702345075365 1.31292319234158
0.34 2.7 0.369364515124752 4.17065201621372 1.42807237478895 7.8 28280.5 10.24993 17 0.95228512 1.4
0.34 2.7 0.369364515124752 4.17065201621372 1.42807237478895
0.36 2.8 0.389329727945716 4.69417393797195 1.54632214490303 8.2 67537.4 11.12044 18 0.966105146 1.5
0.36 2.8 0.389329727945716 4.69417393797195 1.54632214490303
0.38 2.9 0.409009490546659 5.29933035441446 1.66758045748616 8.6 166417.1 12.02225 19 0.976348383 1.6
0.38 2.9 0.409009490546659 5.29933035441446 1.66758045748616
0.4 3 0.428392429198525 6.00000000073404 1.79175945829296 9 362880 12.80183 20 0.983790459 1.7
0.4 3 0.428392429198525 6.00000000073404 1.79175945829296
0.42 3.1 0.447467697604801 6.81262202950104 1.91877706195319 9.4 1015040 13.83044 21 0.989090502 1.8
0.42 3.1 0.447467697604801 6.81262202950104 1.91877706195319
0.44 3.2 0.46622522360845 7.75668759651965 2.04855537704091 9.8 2438910 14.70706 22 0.992790429 1.9
0.44 3.2 0.46622522360845 7.75668759651965 2.04855537704091
0.46 3.3 0.484655522450993 8.85534562098018 2.1810212922544 10.2 6337710 15.66203 23 0.995322265 2
0.46 3.3 0.484655522450993 8.85534562098018 2.1810212922544
0.48 3.4 0.502749795244065 10.1361031702831 2.31610361266984
0.5 3.5 0.520500016304747 11.6317283975438 2.45373656248832
0.52 3.6 0.5378987519861 13.3812840682302 2.59385701131269
0.54 3.7 0.554939401297277 15.431407370387 2.73640486461808
0.56 3.8 0.571615889148912 17.8378669532653 2.88132354738028
0.58 3.9 0.587922997179651 20.6673888875999 3.02855703507494
0.6 4 0.603856203618762 24.0000000029362 3.17805381941285
0.62 4.1 0.619411540799264 27.931749671252 3.3297640124031
0.64 4.2 0.634585873013786 32.5780864259118 3.48363985691717
0.66 4.3 0.649376739877275 38.0779878592379 3.63963635931086
0.68 4.4 0.663782218194084 44.5988549158998 3.79770817526847
0.7 4.5 0.677801173615477 52.342777788947 3.95781395926459
0.72 4.6 0.691433108652303 61.55390543772 4.11991329407569
0.74 4.7 0.704678029781019 72.5276116975116 4.2839673327522
0.76 4.8 0.717536673481639 85.6217647779765 4.44993950503055
0.78 4.9 0.730010323448834 101.270207520235 4.61779225965427
0.8 5 0.742100866834967 120.000000014681 4.78749173184695
0.82 5.1 0.753810629664023 142.451920659606 4.95900453343388
0.84 5.2 0.765142570360722 169.406043200964 5.13229844582477
0.86 5.3 0.77610014299849 201.813342916761 5.30734321585664
0.88 5.4 0.786687179995883 240.833820799137 5.48410714649933
0.9 5.5 0.796908062945804 287.885277839208 5.66256205150302
0.92 5.6 0.806767594081104 344.701864580994 5.8426798747869
0.94 5.7 0.816270886927667 413.407372842272 6.02443347413045
0.96 5.8 0.825423516148551 496.606252043319 6.20779745546824
0.98 5.9 0.834231398042785 597.494234027268 6.39274462672991
1 6 0.84270068974759 720.000000088085 6.579251201075
1.02 6.1 0.850837919963323 868.956702438323 6.76729328897914
1.04 6.2 0.858649856315992 1050.31743553434 6.95684770711212
1.06 6.3 0.866143505695478 1271.42409886843 7.1478928795295
1.08 6.4 0.873326130038775 1541.33647608218 7.34040515176612
1.1 6.5 0.880205051225915 1871.25430595485 7.53436422840461
1.12 6.6 0.886787882643303 2275.03227336123 7.72974950936967
1.14 6.7 0.893082331453324 2769.82931919202 7.92654097205948
1.16 6.8 0.899096218276368 3376.92260861469 8.12472009569955
1.18 6.9 0.904837453839596 4122.71027176964 8.32426605215449
1.2 7 0.91031404825422 5040.00000061659 8.52516135013032
1.22 7.1 0.915533960249541 6169.5984731517 8.72738902703378
1.24 7.2 0.920505272038867 7562.2853355151 8.93092870664318
1.26 7.3 0.925236037208726 9281.39616424446 9.13576725381191
1.28 7.4 0.929734295062986 11405.8788252318 9.34188417898931
1.3 7.5 0.934008052510401 14034.4072946614 9.54926724894688
1.32 7.6 0.938065290496068 17290.2623124601 9.75789874189415
1.34 7.7 0.941913852454563 21327.6852294756 9.96776127614836
1.36 7.8 0.945561574243675 26339.9969912915 10.1788438538483
1.38 7.9 0.949016172111375 32569.3784789324 10.3911278085985
1.4 8 0.95228525447905 40320.0000049328 10.6046028918102
1.42 8.1 0.955376309929792 49973.7499860438 10.8192531358072
1.44 8.2 0.958296713126877 62010.7383088324 11.035062837653
1.46 8.3 0.961053646221235 77035.5899335148 11.2520227915946
1.48 8.4 0.963654194228253 95809.3777809495 11.4701158394255
1.5 8.5 0.966105266402972 119292.462004622 11.6893334124431
1.52 8.6 0.968413607063221 148696.262482869 11.9096609895106
1.54 8.7 0.970585789423711 185550.857428504 12.1310842798853
1.56 8.8 0.972628210320127 231791.978547321 12.3535955970069
1.58 8.9 0.974547096872848 289867.456038266 12.5771790424748
1.6 9 0.976348457885979 362880.000021302 12.8018274736111
1.62 9.1 0.978038149613735 454761.143909866 13.0275275954421
1.64 9.2 0.979621827264887 570498.780582933 13.2542663049152
1.66 9.3 0.981104955463486 716431.001039539 13.4820372159666
1.68 9.4 0.982492807584257 900608.114551381 13.710825491604
1.7 9.5 0.983790473197872 1133278.38899612 13.9406252143299
1.72 9.6 0.985002828237518 1427484.1765031 14.1714241308106
1.74 9.7 0.98613458247986 1799843.28160073 14.4032101486435
1.76 9.8 0.987190249733251 2271561.433899 14.6359780048925
1.78 9.9 0.988174157938536 2869687.70411484 14.8697137636745
1.8 10 0.989090451704327 3628800.00010959 15.1044125690517
1.82 10.1 0.989943100136247 4593087.7268459 15.3400630593698
1.84 10.2 0.990735880175647 5819087.45298936 15.5766540086903
1.86 10.3 0.99147241066202 7379239.4471878 15.8141811317858
1.88 10.4 0.992156135537688 9366324.04758183 16.0526312630259
1.9 10.5 0.992790333248884 11899423.0842257 16.2920004733434
1.92 10.6 0.993378121092692 15131332.8151986 16.5322781696684
1.94 10.7 0.993922462866373 19258322.7695079 16.7734538739459
1.96 10.8 0.994426160830176 24532863.9189871 17.0155241582572
1.98 10.9 0.994891879950944 31279594.8796917 17.2584765194051
