1.000000000000E-006 2.000405710511E-006 9.999990000005E-007
8.009007007007E-003 1.589346442265E-002 7.945118995040E-003
1.601701401401E-002 3.153142356117E-002 1.576251289100E-002
2.402502102102E-002 4.691891290202E-002 2.345469783163E-002
3.203302802803E-002 6.205893341505E-002 3.102317383790E-002
4.004103503504E-002 7.695445394610E-002 3.846942496780E-002
4.804904204204E-002 9.160841165673E-002 4.579491947554E-002
5.605704904905E-002 1.060237123762E-001 5.300110996923E-002
6.406505605606E-002 1.202032309288E-001 6.008943356708E-002
7.207306306306E-002 1.341498114512E-001 6.706131205206E-002
8.008107007007E-002 1.478662677024E-001 7.391815202514E-002
8.808907707708E-002 1.613553833763E-001 8.066134505698E-002
9.609708408408E-002 1.746199123975E-001 8.729226783826E-002
1.041050910911E-001 1.876625792140E-001 9.381228232847E-002
1.121130980981E-001 2.004860790983E-001 1.002227359034E-001
1.201211051051E-001 2.130930784403E-001 1.065249615009E-001
1.281291121121E-001 2.254862150371E-001 1.127202777659E-001
1.361371191191E-001 2.376680983794E-001 1.188099891933E-001
1.441451261261E-001 2.496413099358E-001 1.247953862698E-001
1.521531331331E-001 2.614084034338E-001 1.306777456145E-001
1.601611401401E-001 2.729719051384E-001 1.364583301180E-001
1.681691471471E-001 2.843343141277E-001 1.421383890800E-001
1.761771541542E-001 2.954981025657E-001 1.477191583462E-001
1.841851611612E-001 3.064657159735E-001 1.532018604428E-001
1.921931681682E-001 3.172395734962E-001 1.585877047110E-001
2.002011751752E-001 3.278220681688E-001 1.638778874391E-001
2.082091821822E-001 3.382155671785E-001 1.690735919941E-001
2.162171891892E-001 3.484224121249E-001 1.741759889514E-001
2.242251961962E-001 3.584449192778E-001 1.791862362238E-001
2.322332032032E-001 3.682853798320E-001 1.841054791890E-001
2.402412102102E-001 3.779460601604E-001 1.889348508158E-001
2.482492172172E-001 3.874292020674E-001 1.936754717893E-001
2.562572242242E-001 3.967370230434E-001 1.983284506346E-001
2.642652312312E-001 4.058717164849E-001 2.028948838398E-001
2.722732382382E-001 4.148354519526E-001 2.073758559770E-001
2.802812452452E-001 4.236303754123E-001 2.117724398233E-001
2.882892522523E-001 4.322586094730E-001 2.160856964792E-001
2.962972592593E-001 4.407222536230E-001 2.203166754872E-001
3.043052662663E-001 4.490233844642E-001 2.244664149485E-001
3.123132732733E-001 4.571640559428E-001 2.285359416386E-001
3.203212802803E-001 4.651462995796E-001 2.325262711221E-001
3.283292872873E-001 4.729721246963E-001 2.364384078661E-001
3.363372942943E-001 4.806435186405E-001 2.402733453527E-001
3.443453013013E-001 4.881624470091E-001 2.440320661904E-001
3.523533083083E-001 4.955308538681E-001 2.477155422241E-001
3.603613153153E-001 5.027506619712E-001 2.513247346445E-001
3.683693223223E-001 5.098237729765E-001 2.548605940963E-001
3.763773293293E-001 5.167520676761E-001 2.583240607851E-001
3.843853363363E-001 5.235374061811E-001 2.617160645833E-001
3.923933433433E-001 5.301816281359E-001 2.650375251358E-001
4.004013503504E-001 5.366865529337E-001 2.682893519630E-001
4.084093573574E-001 5.430539799222E-001 2.714724445647E-001
4.164173643644E-001 5.492856886075E-001 2.745876925216E-001
4.244253713714E-001 5.553834388563E-001 2.776359755964E-001
4.324333783784E-001 5.613489710964E-001 2.806181638339E-001
4.404413853854E-001 5.671840065140E-001 2.835351176600E-001
4.484493923924E-001 5.728902472509E-001 2.863876879797E-001
4.564573993994E-001 5.784693765980E-001 2.891767162745E-001
4.644654064064E-001 5.839230591884E-001 2.919030346982E-001
4.724734134134E-001 5.892529411875E-001 2.945674661727E-001
4.804814204204E-001 5.944606504919E-001 2.971708244818E-001
4.884894274274E-001 5.995477969112E-001 2.997139143648E-001
4.964974344344E-001 6.045159723295E-001 3.021975316092E-001
5.045054414414E-001 6.093667509072E-001 3.046224631421E-001
5.125134484484E-001 6.141016892624E-001 3.069894871209E-001
5.205214554555E-001 6.187223266506E-001 3.092993730232E-001
5.285294624625E-001 6.232301851428E-001 3.115528817359E-001
5.365374694695E-001 6.276267698015E-001 3.137507656430E-001
5.445454764765E-001 6.319135688556E-001 3.158937687130E-001
5.525534834835E-001 6.360920538726E-001 3.179826265854E-001
5.605614904905E-001 6.401636799305E-001 3.200180666558E-001
5.685694974975E-001 6.441298857867E-001 3.220008081612E-001
5.765775045045E-001 6.479920940458E-001 3.239315622634E-001
5.845855115115E-001 6.517517113560E-001 3.258110321324E-001
5.925935185185E-001 6.554101285093E-001 3.276399130281E-001
6.006015255255E-001 6.589687206381E-001 3.294188923826E-001
6.086095325325E-001 6.624288473771E-001 3.311486498801E-001
6.166175395395E-001 6.657918530227E-001 3.328298575370E-001
6.246255465465E-001 6.690590666918E-001 3.344631797812E-001
6.326335535536E-001 6.722318024777E-001 3.360492735299E-001
6.406415605606E-001 6.753113596058E-001 3.375887882678E-001
6.486495675676E-001 6.782990225871E-001 3.390823661233E-001
6.566575745746E-001 6.811960613700E-001 3.405306419448E-001
6.646655815816E-001 6.840037314911E-001 3.419342433759E-001
6.726735885886E-001 6.867232742246E-001 3.432937909300E-001
6.806815955956E-001 6.893559167613E-001 3.446098980642E-001
6.886896026026E-001 6.919028722888E-001 3.458831712520E-001
6.966976096096E-001 6.943653401678E-001 3.471142100562E-001
7.047056166166E-001 6.967445060785E-001 3.483036072003E-001
7.127136236236E-001 6.990415421619E-001 3.494519486392E-001
7.207216306306E-001 7.012576071610E-001 3.505598136301E-001
7.287296376376E-001 7.033938465595E-001 3.516277748015E-001
7.367376446446E-001 7.054513927201E-001 3.526563982222E-001
7.447456516517E-001 7.074313650205E-001 3.536462434698E-001
7.527536586587E-001 7.093348699887E-001 3.545978636979E-001
7.607616656657E-001 7.111630014369E-001 3.555118057033E-001
7.687696726727E-001 7.129168405938E-001 3.563886099917E-001
7.767776796797E-001 7.145974562616E-001 3.572288108440E-001
7.847856866867E-001 7.162059049029E-001 3.580329363804E-001
7.927936936937E-001 7.177432307720E-001 3.588015086254E-001
8.008017007007E-001 7.192104660568E-001 3.595350435710E-001
8.088097077077E-001 7.206086310043E-001 3.602340512400E-001
8.168177147147E-001 7.219387340461E-001 3.608990357481E-001
8.248257217217E-001 7.232017719216E-001 3.615304953658E-001
8.328337287287E-001 7.243987298002E-001 3.621289225799E-001
8.408417357357E-001 7.255305814029E-001 3.626948041535E-001
8.488497427427E-001 7.265982891222E-001 3.632286211864E-001
8.568577497498E-001 7.276028041405E-001 3.637308491741E-001
8.648657567568E-001 7.285450665481E-001 3.642019580671E-001
8.728737637638E-001 7.294260054596E-001 3.646424123288E-001
8.808817707708E-001 7.302465391619E-001 3.650526709929E-001
8.888897777778E-001 7.310075751675E-001 3.654331877210E-001
8.968977847848E-001 7.317100103448E-001 3.657844108587E-001
9.049057917918E-001 7.323547310408E-001 3.661067834916E-001
9.129137987988E-001 7.329426131915E-001 3.664007435009E-001
9.209218058058E-001 7.334745224319E-001 3.666667236179E-001
9.289298128128E-001 7.339513142047E-001 3.669051514787E-001
9.369378198198E-001 7.343738338676E-001 3.671164496775E-001
9.449458268268E-001 7.347429167998E-001 3.673010358201E-001
9.529538338338E-001 7.350593885077E-001 3.674593225767E-001
9.609618408408E-001 7.353240647288E-001 3.675917177336E-001
9.689698478478E-001 7.355377515354E-001 3.676986242455E-001
9.769778548549E-001 7.357012454368E-001 3.677804402860E-001
9.849858618619E-001 7.358153334803E-001 3.678375592987E-001
9.929938688689E-001 7.358807933911E-001 3.678703700471E-001
1.001001875876E+000 7.358983935958E-001 3.678792566643E-001
1.009009882883E+000 7.358688933482E-001 3.678645987019E-001
1.017017889890E+000 7.357930428354E-001 3.678267711793E-001
1.025025896897E+000 7.356715832739E-001 3.677661446309E-001
1.033033903904E+000 7.355052470057E-001 3.676830851547E-001
1.041041910911E+000 7.352947575916E-001 3.675779544588E-001
1.049049917918E+000 7.350408299058E-001 3.674511099085E-001
1.057057924925E+000 7.347441702276E-001 3.673029045727E-001
1.065065931932E+000 7.344054763337E-001 3.671336872693E-001
1.073073938939E+000 7.340254375883E-001 3.669438026107E-001
1.081081945946E+000 7.336047350334E-001 3.667335910488E-001
1.089089952953E+000 7.331440414774E-001 3.665033889195E-001
1.097097959960E+000 7.326440215835E-001 3.662535284865E-001
1.105105966967E+000 7.321053319564E-001 3.659843379849E-001
1.113113973974E+000 7.315286212511E-001 3.656961416644E-001
1.121121980981E+000 7.309145302411E-001 3.653892598321E-001
1.129129987988E+000 7.302636918645E-001 3.650640088944E-001
1.137137994995E+000 7.295767313410E-001 3.647207013994E-001
1.145146002002E+000 7.288542662546E-001 3.643596460777E-001
1.153154009009E+000 7.280969066357E-001 3.639811478839E-001
1.161162016016E+000 7.273052550426E-001 3.635855080368E-001
1.169170023023E+000 7.264799066411E-001 3.631730240602E-001
1.177178030030E+000 7.256214492852E-001 3.627439898218E-001
1.185186037037E+000 7.247304635950E-001 3.622986955735E-001
1.193194044044E+000 7.238075230349E-001 3.618374279897E-001
1.201202051051E+000 7.228531939911E-001 3.613604702063E-001
1.209210058058E+000 7.218680358479E-001 3.608681018586E-001
1.217218065065E+000 7.208526010633E-001 3.603605991196E-001
1.225226072072E+000 7.198074352437E-001 3.598382347369E-001
1.233234079079E+000 7.187330772186E-001 3.593012780701E-001
1.241242086086E+000 7.176300591136E-001 3.587499951273E-001
1.249250093093E+000 7.164989064234E-001 3.581846486019E-001
1.257258100100E+000 7.153401381418E-001 3.576054979078E-001
1.265266107107E+000 7.141542667105E-001 3.570127992155E-001
1.273274114114E+000 7.129417981535E-001 3.564068054873E-001
1.281282121121E+000 7.117032321471E-001 3.557877665122E-001
1.289290128128E+000 7.104390620888E-001 3.551559289402E-001
1.297298135135E+000 7.091497751659E-001 3.545115363166E-001
1.305306142142E+000 7.078358524226E-001 3.538548291160E-001
1.313314149149E+000 7.064977688278E-001 3.531860447755E-001
1.321322156156E+000 7.051359933408E-001 3.525054177282E-001
1.329330163163E+000 7.037509889773E-001 3.518131794355E-001
1.337338170170E+000 7.023432128741E-001 3.511095584203E-001
1.345346177177E+000 7.009131163538E-001 3.503947802985E-001
1.353354184184E+000 6.994611449881E-001 3.496690678112E-001
1.361362191191E+000 6.979877386610E-001 3.489326408560E-001
1.369370198198E+000 6.964933316312E-001 3.481857165185E-001
1.377378205205E+000 6.949783525939E-001 3.474285091027E-001
1.385386212212E+000 6.934432247419E-001 3.466612301621E-001
1.393394219219E+000 6.918883658257E-001 3.458840885294E-001
1.401402226226E+000 6.903141882144E-001 3.450972903469E-001
1.409410233233E+000 6.887210989160E-001 3.443010390958E-001
1.417418240240E+000 6.871094998053E-001 3.434955356258E-001
1.425426247247E+000 6.854797874537E-001 3.426809781839E-001
1.433434254254E+000 6.838323532836E-001 3.418575624434E-001
1.441442261261E+000 6.821675836262E-001 3.410254815321E-001
1.449450268268E+000 6.804858597769E-001 3.401849260605E-001
1.457458275275E+000 6.787875580518E-001 3.393360841497E-001
1.465466282282E+000 6.770730498423E-001 3.384791414593E-001
1.473474289289E+000 6.753427016703E-001 3.376142812141E-001
1.481482296296E+000 6.735968752416E-001 3.367416842314E-001
1.489490303303E+000 6.718359275000E-001 3.358615289481E-001
1.497498310310E+000 6.700602106798E-001 3.349739914466E-001
1.505506317317E+000 6.682700723586E-001 3.340792454813E-001
1.513514324324E+000 6.664658555088E-001 3.331774625046E-001
1.521522331331E+000 6.646478985495E-001 3.322688116922E-001
1.529530338338E+000 6.628165353967E-001 3.313534599692E-001
1.537538345345E+000 6.609720955138E-001 3.304315720344E-001
1.545546352352E+000 6.591149039617E-001 3.295033103858E-001
1.553554359359E+000 6.572452814477E-001 3.285688353451E-001
1.561562366366E+000 6.553635443746E-001 3.276283050819E-001
1.569570373373E+000 6.534700048885E-001 3.266818756379E-001
1.577578380380E+000 6.515649709271E-001 3.257297009509E-001
1.585586387387E+000 6.496487462920E-001 3.247719328785E-001
1.593594394394E+000 6.477216306972E-001 3.238087212211E-001
1.601602401401E+000 6.457839197312E-001 3.228402137456E-001
1.609610408408E+000 6.438359049602E-001 3.218665562076E-001
1.617618415415E+000 6.418778739731E-001 3.208878923750E-001
1.625626422422E+000 6.399101104268E-001 3.199043640496E-001
1.633634429429E+000 6.379328940900E-001 3.189161110897E-001
1.641642436436E+000 6.359465008881E-001 3.179232714321E-001
1.649650443443E+000 6.339512029456E-001 3.169259811138E-001
1.657658450450E+000 6.319472686302E-001 3.159243742936E-001
1.665666457457E+000 6.299349625947E-001 3.149185832730E-001
1.673674464464E+000 6.279145458197E-001 3.139087385181E-001
1.681682471471E+000 6.258862756549E-001 3.128949686796E-001
1.689690478478E+000 6.238504058608E-001 3.118774006140E-001
1.697698485485E+000 6.218071866492E-001 3.108561594038E-001
1.705706492492E+000 6.197568647241E-001 3.098313683779E-001
1.713714499500E+000 6.176996833214E-001 3.088031491316E-001
1.721722506507E+000 6.156358822487E-001 3.077716215461E-001
1.729730513514E+000 6.135656979245E-001 3.067369038085E-001
1.737738520521E+000 6.114893634167E-001 3.056991124311E-001
1.745746527528E+000 6.094071084817E-001 3.046583622703E-001
1.753754534535E+000 6.073191596017E-001 3.036147665460E-001
1.761762541542E+000 6.052257400227E-001 3.025684368603E-001
1.769770548549E+000 6.031270697916E-001 3.015194832159E-001
1.777778555556E+000 6.010233657930E-001 3.004680140348E-001
1.785786562563E+000 5.989148417858E-001 2.994141361762E-001
1.793794569570E+000 5.968017084390E-001 2.983579549549E-001
1.801802576577E+000 5.946841733677E-001 2.972995741588E-001
1.809810583584E+000 5.925624411683E-001 2.962390960668E-001
1.817818590591E+000 5.904367134533E-001 2.951766214660E-001
1.825826597598E+000 5.883071889539E-001 2.941122496694E-001
1.833834604605E+000 5.861740634464E-001 2.930460785326E-001
1.841842611612E+000 5.840375297936E-001 2.919782044710E-001
1.849850618619E+000 5.818977780109E-001 2.909087224763E-001
1.857858625626E+000 5.797549952989E-001 2.898377261334E-001
1.865866632633E+000 5.776093660767E-001 2.887653076365E-001
1.873874639640E+000 5.754610720141E-001 2.876915578055E-001
1.881882646647E+000 5.733102920637E-001 2.866165661020E-001
1.889890653654E+000 5.711572024928E-001 2.855404206452E-001
1.897898660661E+000 5.690019769148E-001 2.844632082275E-001
1.905906667668E+000 5.668447863205E-001 2.833850143305E-001
1.913914674675E+000 5.646857991085E-001 2.823059231397E-001
1.921922681682E+000 5.625251811161E-001 2.812260175603E-001
1.929930688689E+000 5.603630956492E-001 2.801453792321E-001
1.937938695696E+000 5.581997035120E-001 2.790640885443E-001
1.945946702703E+000 5.560351630369E-001 2.779822246504E-001
1.953954709710E+000 5.538696301136E-001 2.768998654828E-001
1.961962716717E+000 5.517032582175E-001 2.758170877669E-001
1.969970723724E+000 5.495361984392E-001 2.747339670360E-001
1.977978730731E+000 5.473685995119E-001 2.736505776450E-001
1.985986737738E+000 5.452006078399E-001 2.725669927844E-001
1.993994744745E+000 5.430323675262E-001 2.714832844945E-001
2.002002751752E+000 5.408640203997E-001 2.703995236787E-001
2.010010758759E+000 5.386957060426E-001 2.693157801170E-001
2.018018765766E+000 5.365275618171E-001 2.682321224800E-001
2.026026772773E+000 5.343597228918E-001 2.671486183415E-001
2.034034779780E+000 5.321923222683E-001 2.660653341920E-001
2.042042786787E+000 5.300254908066E-001 2.649823354515E-001
2.050050793794E+000 5.278593572514E-001 2.638996864825E-001
2.058058800801E+000 5.256940482572E-001 2.628174506024E-001
2.066066807808E+000 5.235296884135E-001 2.617356900968E-001
2.074074814815E+000 5.213664002698E-001 2.606544662309E-001
2.082082821822E+000 5.192043038845E-001 2.595738392626E-001
2.090090828829E+000 5.170435182765E-001 2.584938684545E-001
2.098098835836E+000 5.148841600220E-001 2.574146120858E-001
2.106106842843E+000 5.127263437542E-001 2.563361274641E-001
2.114114849850E+000 5.105701821865E-001 2.552584709376E-001
2.122122856857E+000 5.084157862059E-001 2.541816979065E-001
2.130130863864E+000 5.062632648012E-001 2.531058628345E-001
2.138138870871E+000 5.041127250624E-001 2.520310192604E-001
2.146146877878E+000 5.019642722514E-001 2.509572198091E-001
2.154154884885E+000 4.998180098246E-001 2.498845162031E-001
2.162162891892E+000 4.976740394551E-001 2.488129592733E-001
2.170170898899E+000 4.955324610544E-001 2.477425989701E-001
2.178178905906E+000 4.933933727943E-001 2.466734843741E-001
2.186186912913E+000 4.912568711280E-001 2.456056637069E-001
2.194194919920E+000 4.891230508112E-001 2.445391843415E-001
2.202202926927E+000 4.869920049236E-001 2.434740928130E-001
2.210210933934E+000 4.848638248889E-001 2.424104348288E-001
2.218218940941E+000 4.827386004958E-001 2.413482552788E-001
2.226226947948E+000 4.806164199180E-001 2.402875982458E-001
2.234234954955E+000 4.784973697345E-001 2.392285070152E-001
2.242242961962E+000 4.763815349492E-001 2.381710240850E-001
2.250250968969E+000 4.742689990104E-001 2.371151911758E-001
2.258258975976E+000 4.721598438307E-001 2.360610492403E-001
2.266266982983E+000 4.700541498058E-001 2.350086384730E-001
2.274274989990E+000 4.679519958333E-001 2.339579983194E-001
2.282282996997E+000 4.658534593322E-001 2.329091674860E-001
2.290291004004E+000 4.637586162606E-001 2.318621839490E-001
2.298299011011E+000 4.616675411349E-001 2.308170849636E-001
2.306307018018E+000 4.595803070472E-001 2.297739070734E-001
2.314315025025E+000 4.574969856839E-001 2.287326861191E-001
2.322323032032E+000 4.554176473430E-001 2.276934572474E-001
2.330331039039E+000 4.533423609520E-001 2.266562549198E-001
2.338339046046E+000 4.512711940853E-001 2.256211129214E-001
2.346347053053E+000 4.492042129811E-001 2.245880643696E-001
2.354355060060E+000 4.471414825585E-001 2.235571417222E-001
2.362363067067E+000 4.450830664348E-001 2.225283767860E-001
2.370371074074E+000 4.430290269413E-001 2.215018007255E-001
2.378379081081E+000 4.409794251406E-001 2.204774440705E-001
2.386387088088E+000 4.389343208421E-001 2.194553367246E-001
2.394395095095E+000 4.368937726188E-001 2.184355079733E-001
2.402403102102E+000 4.348578378226E-001 2.174179864918E-001
2.410411109109E+000 4.328265726006E-001 2.164028003527E-001
2.418419116116E+000 4.308000319101E-001 2.153899770343E-001
2.426427123123E+000 4.287782695347E-001 2.143795434279E-001
2.434435130130E+000 4.267613380987E-001 2.133715258454E-001
2.442443137137E+000 4.247492890828E-001 2.123659500271E-001
2.450451144144E+000 4.227421728387E-001 2.113628411489E-001
2.458459151151E+000 4.207400382145E-001 2.103622238298E-001
2.466467158158E+000 4.187429337459E-001 2.093641221391E-001
2.474475165165E+000 4.167509064858E-001 2.083685596036E-001
2.482483172172E+000 4.147640024157E-001 2.073755592149E-001
2.490491179179E+000 4.127822664605E-001 2.063851434362E-001
2.498499186186E+000 4.108057425018E-001 2.053973342093E-001
2.506507193193E+000 4.088344733922E-001 2.044121529617E-001
2.514515200200E+000 4.068685009685E-001 2.034296206133E-001
2.522523207207E+000 4.049078660653E-001 2.024497575829E-001
2.530531214214E+000 4.029526085285E-001 2.014725837952E-001
2.538539221221E+000 4.010027672282E-001 2.004981186873E-001
2.546547228228E+000 3.990583800719E-001 1.995263812150E-001
2.554555235235E+000 3.971194840174E-001 1.985573898595E-001
2.562563242242E+000 3.951861150852E-001 1.975911626336E-001
2.570571249249E+000 3.932583083716E-001 1.966277170881E-001
2.578579256256E+000 3.913360980608E-001 1.956670703180E-001
2.586587263263E+000 3.894195174371E-001 1.947092389687E-001
2.594595270270E+000 3.875085988976E-001 1.937542392419E-001
2.602603277277E+000 3.856033739638E-001 1.928020869017E-001
2.610611284284E+000 3.837038732933E-001 1.918527972807E-001
2.618619291291E+000 3.818101266923E-001 1.909063852858E-001
2.626627298298E+000 3.799221631266E-001 1.899628654039E-001
2.634635305305E+000 3.780400107332E-001 1.890222517077E-001
2.642643312312E+000 3.761636968320E-001 1.880845578616E-001
2.650651319319E+000 3.742932479367E-001 1.871497971270E-001
2.658659326326E+000 3.724286897660E-001 1.862179823680E-001
2.666667333333E+000 3.705700472547E-001 1.852891260570E-001
2.674675340340E+000 3.687173445644E-001 1.843632402799E-001
2.682683347347E+000 3.668706050944E-001 1.834403367416E-001
2.690691354354E+000 3.650298514923E-001 1.825204267715E-001
2.698699361361E+000 3.631951056644E-001 1.816035213283E-001
2.706707368368E+000 3.613663887862E-001 1.806896310056E-001
2.714715375375E+000 3.595437213125E-001 1.797787660368E-001
2.722723382382E+000 3.577271229876E-001 1.788709363002E-001
2.730731389389E+000 3.559166128557E-001 1.779661513243E-001
2.738739396396E+000 3.541122092700E-001 1.770644202923E-001
2.746747403403E+000 3.523139299035E-001 1.761657520471E-001
2.754755410410E+000 3.505217917578E-001 1.752701550965E-001
2.762763417417E+000 3.487358111733E-001 1.743776376176E-001
2.770771424424E+000 3.469560038382E-001 1.734882074618E-001
2.778779431431E+000 3.451823847982E-001 1.726018721592E-001
2.786787438438E+000 3.434149684658E-001 1.717186389234E-001
2.794795445445E+000 3.416537686291E-001 1.708385146560E-001
2.802803452452E+000 3.398987984610E-001 1.699615059514E-001
2.810811459459E+000 3.381500705282E-001 1.690876191008E-001
2.818819466466E+000 3.364075967999E-001 1.682168600969E-001
2.826827473473E+000 3.346713886569E-001 1.673492346381E-001
2.834835480480E+000 3.329414568995E-001 1.664847481332E-001
2.842843487487E+000 3.312178117569E-001 1.656234057050E-001
2.850851494494E+000 3.295004628949E-001 1.647652121951E-001
2.858859501502E+000 3.277894194246E-001 1.639101721679E-001
2.866867508509E+000 3.260846899105E-001 1.630582899146E-001
2.874875515516E+000 3.243862823790E-001 1.622095694572E-001
2.882883522523E+000 3.226942043256E-001 1.613640145528E-001
2.890891529530E+000 3.210084627238E-001 1.605216286975E-001
2.898899536537E+000 3.193290640323E-001 1.596824151300E-001
2.906907543544E+000 3.176560142032E-001 1.588463768360E-001
2.914915550551E+000 3.159893186893E-001 1.580135165516E-001
2.922923557558E+000 3.143289824519E-001 1.571838367672E-001
2.930931564565E+000 3.126750099681E-001 1.563573397314E-001
2.938939571572E+000 3.110274052386E-001 1.555340274546E-001
2.946947578579E+000 3.093861717945E-001 1.547139017127E-001
2.954955585586E+000 3.077513127050E-001 1.538969640505E-001
2.962963592593E+000 3.061228305840E-001 1.530832157856E-001
2.970971599600E+000 3.045007275978E-001 1.522726580116E-001
2.978979606607E+000 3.028850054717E-001 1.514652916019E-001
2.986987613614E+000 3.012756654968E-001 1.506611172131E-001
2.994995620621E+000 2.996727085370E-001 1.498601352879E-001
3.003003627628E+000 2.980761350357E-001 1.490623460593E-001
3.011011634635E+000 2.964859450226E-001 1.482677495532E-001
3.019019641642E+000 2.949021381199E-001 1.474763455922E-001
3.027027648649E+000 2.933247135489E-001 1.466881337985E-001
3.035035655656E+000 2.917536701369E-001 1.459031135971E-001
3.043043662663E+000 2.901890063227E-001 1.451212842194E-001
3.051051669670E+000 2.886307201637E-001 1.443426447057E-001
3.059059676677E+000 2.870788093412E-001 1.435671939089E-001
3.067067683684E+000 2.855332711676E-001 1.427949304971E-001
3.075075690691E+000 2.839941025913E-001 1.420258529568E-001
3.083083697698E+000 2.824613002035E-001 1.412599595959E-001
3.091091704705E+000 2.809348602436E-001 1.404972485466E-001
3.099099711712E+000 2.794147786055E-001 1.397377177684E-001
3.107107718719E+000 2.779010508428E-001 1.389813650508E-001
3.115115725726E+000 2.763936721747E-001 1.382281880164E-001
3.123123732733E+000 2.748926374920E-001 1.374781841232E-001
3.131131739740E+000 2.733979413618E-001 1.367313506682E-001
3.139139746747E+000 2.719095780339E-001 1.359876847893E-001
3.147147753754E+000 2.704275414456E-001 1.352471834684E-001
3.155155760761E+000 2.689518252271E-001 1.345098435343E-001
3.163163767768E+000 2.674824227072E-001 1.337756616646E-001
3.171171774775E+000 2.660193269179E-001 1.330446343893E-001
3.179179781782E+000 2.645625306001E-001 1.323167580925E-001
3.187187788789E+000 2.631120262082E-001 1.315920290154E-001
3.195195795796E+000 2.616678059156E-001 1.308704432588E-001
3.203203802803E+000 2.602298616193E-001 1.301519967851E-001
3.211211809810E+000 2.587981849450E-001 1.294366854217E-001
3.219219816817E+000 2.573727672517E-001 1.287245048625E-001
3.227227823824E+000 2.559535996368E-001 1.280154506707E-001
3.235235830831E+000 2.545406729407E-001 1.273095182811E-001
3.243243837838E+000 2.531339777512E-001 1.266067030025E-001
3.251251844845E+000 2.517335044085E-001 1.259070000198E-001
3.259259851852E+000 2.503392430096E-001 1.252104043966E-001
3.267267858859E+000 2.489511834126E-001 1.245169110771E-001
3.275275865866E+000 2.475693152414E-001 1.238265148885E-001
3.283283872873E+000 2.461936278900E-001 1.231392105432E-001
3.291291879880E+000 2.448241105266E-001 1.224549926410E-001
3.299299886887E+000 2.434607520982E-001 1.217738556709E-001
3.307307893894E+000 2.421035413347E-001 1.210957940136E-001
3.315315900901E+000 2.407524667530E-001 1.204208019435E-001
3.323323907908E+000 2.394075166610E-001 1.197488736307E-001
3.331331914915E+000 2.380686791620E-001 1.190800031428E-001
3.339339921922E+000 2.367359421584E-001 1.184141844474E-001
3.347347928929E+000 2.354092933556E-001 1.177514114137E-001
3.355355935936E+000 2.340887202664E-001 1.170916778145E-001
3.363363942943E+000 2.327742102142E-001 1.164349773283E-001
3.371371949950E+000 2.314657503372E-001 1.157813035408E-001
3.379379956957E+000 2.301633275921E-001 1.151306499474E-001
3.387387963964E+000 2.288669287578E-001 1.144830099546E-001
3.395395970971E+000 2.275765404388E-001 1.138383768819E-001
3.403403977978E+000 2.262921490695E-001 1.131967439636E-001
3.411411984985E+000 2.250137409168E-001 1.125581043508E-001
3.419419991992E+000 2.237413020844E-001 1.119224511129E-001
3.427427998999E+000 2.224748185161E-001 1.112897772394E-001
3.435436006006E+000 2.212142759989E-001 1.106600756416E-001
3.443444013013E+000 2.199596601667E-001 1.100333391545E-001
3.451452020020E+000 2.187109565036E-001 1.094095605383E-001
3.459460027027E+000 2.174681503471E-001 1.087887324799E-001
3.467468034034E+000 2.162312268915E-001 1.081708475947E-001
3.475476041041E+000 2.150001711909E-001 1.075558984285E-001
3.483484048048E+000 2.137749681625E-001 1.069438774583E-001
3.491492055055E+000 2.125556025899E-001 1.063347770947E-001
3.499500062062E+000 2.113420591257E-001 1.057285896830E-001
3.507508069069E+000 2.101343222950E-001 1.051253075048E-001
3.515516076076E+000 2.089323764984E-001 1.045249227794E-001
3.523524083083E+000 2.077362060146E-001 1.039274276655E-001
3.531532090090E+000 2.065457950036E-001 1.033328142626E-001
3.539540097097E+000 2.053611275096E-001 1.027410746123E-001
3.547548104104E+000 2.041821874636E-001 1.021522007000E-001
3.555556111111E+000 2.030089586866E-001 1.015661844558E-001
3.563564118118E+000 2.018414248921E-001 1.009830177565E-001
3.571572125125E+000 2.006795696887E-001 1.004026924267E-001
3.579580132132E+000 1.995233765833E-001 9.982520023996E-002
3.587588139139E+000 1.983728289833E-001 9.925053292041E-002
3.595596146146E+000 1.972279101993E-001 9.867868214395E-002
3.603604153153E+000 1.960886034480E-001 9.810963953955E-002
3.611612160160E+000 1.949548918542E-001 9.754339669053E-002
3.619620167167E+000 1.938267584540E-001 9.697994513585E-002
3.627628174174E+000 1.927041861966E-001 9.641927637129E-002
3.635636181181E+000 1.915871579474E-001 9.586138185076E-002
3.643644188188E+000 1.904756564898E-001 9.530625298743E-002
3.651652195195E+000 1.893696645282E-001 9.475388115496E-002
3.659660202202E+000 1.882691646897E-001 9.420425768871E-002
3.667668209209E+000 1.871741395270E-001 9.365737388683E-002
3.675676216216E+000 1.860845715203E-001 9.311322101144E-002
3.683684223223E+000 1.850004430799E-001 9.257179028979E-002
3.691692230230E+000 1.839217365479E-001 9.203307291529E-002
3.699700237237E+000 1.828484342010E-001 9.149706004871E-002
3.707708244244E+000 1.817805182523E-001 9.096374281918E-002
3.715716251251E+000 1.807179708535E-001 9.043311232528E-002
3.723724258258E+000 1.796607740969E-001 8.990515963612E-002
3.731732265265E+000 1.786089100178E-001 8.937987579233E-002
3.739740272272E+000 1.775623605961E-001 8.885725180713E-002
3.747748279279E+000 1.765211077587E-001 8.833727866729E-002
3.755756286286E+000 1.754851333812E-001 8.781994733417E-002
3.763764293293E+000 1.744544192901E-001 8.730524874466E-002
3.771772300300E+000 1.734289472646E-001 8.679317381217E-002
3.779780307307E+000 1.724086990384E-001 8.628371342757E-002
3.787788314314E+000 1.713936563018E-001 8.577685846013E-002
3.795796321321E+000 1.703838007033E-001 8.527259975843E-002
3.803804328328E+000 1.693791138517E-001 8.477092815131E-002
3.811812335335E+000 1.683795773177E-001 8.427183444874E-002
3.819820342342E+000 1.673851726356E-001 8.377530944268E-002
3.827828349349E+000 1.663958813052E-001 8.328134390800E-002
3.835836356356E+000 1.654116847936E-001 8.278992860331E-002
3.843844363363E+000 1.644325645366E-001 8.230105427183E-002
3.851852370370E+000 1.634585019406E-001 8.181471164218E-002
3.859860377377E+000 1.624894783841E-001 8.133089142924E-002
3.867868384384E+000 1.615254752195E-001 8.084958433496E-002
3.875876391391E+000 1.605664737745E-001 8.037078104912E-002
3.883884398398E+000 1.596124553536E-001 7.989447225016E-002
3.891892405405E+000 1.586634012400E-001 7.942064860592E-002
3.899900412412E+000 1.577192926969E-001 7.894930077443E-002
3.907908419419E+000 1.567801109688E-001 7.848041940463E-002
3.915916426426E+000 1.558458372834E-001 7.801399513714E-002
3.923924433433E+000 1.549164528528E-001 7.755001860495E-002
3.931932440440E+000 1.539919388749E-001 7.708848043418E-002
3.939940447447E+000 1.530722765348E-001 7.662937124477E-002
3.947948454454E+000 1.521574470064E-001 7.617268165114E-002
3.955956461461E+000 1.512474314537E-001 7.571840226293E-002
3.963964468468E+000 1.503422110319E-001 7.526652368564E-002
3.971972475475E+000 1.494417668890E-001 7.481703652131E-002
3.979980482482E+000 1.485460801669E-001 7.436993136916E-002
3.987988489489E+000 1.476551320030E-001 7.392519882622E-002
3.995996496497E+000 1.467689035311E-001 7.348282948800E-002
4.004004503504E+000 1.458873758828E-001 7.304281394908E-002
4.012012510511E+000 1.450105301887E-001 7.260514280376E-002
4.020020517518E+000 1.441383475797E-001 7.216980664661E-002
4.028028524525E+000 1.432708091880E-001 7.173679607311E-002
4.036036531532E+000 1.424078961486E-001 7.130610168020E-002
4.044044538539E+000 1.415495896000E-001 7.087771406689E-002
4.052052545546E+000 1.406958706855E-001 7.045162383480E-002
4.060060552553E+000 1.398467205547E-001 7.002782158871E-002
4.068068559560E+000 1.390021203638E-001 6.960629793714E-002
4.076076566567E+000 1.381620512775E-001 6.918704349287E-002
4.084084573574E+000 1.373264944695E-001 6.877004887344E-002
4.092092580581E+000 1.364954311237E-001 6.835530470173E-002
4.100100587588E+000 1.356688427568E-001 6.794280160642E-002
4.108108594595E+000 1.348467102507E-001 6.753253022254E-002
4.116116601602E+000 1.340290148263E-001 6.712448119190E-002
4.124124608609E+000 1.332157377184E-001 6.671864516366E-002
4.132132615616E+000 1.324068601769E-001 6.631501279474E-002
4.140140622623E+000 1.316023634681E-001 6.591357475033E-002
4.148148629630E+000 1.308022288750E-001 6.551432170432E-002
4.156156636637E+000 1.300064376988E-001 6.511724433980E-002
4.164164643644E+000 1.292149712594E-001 6.472233334946E-002
4.172172650651E+000 1.284278108964E-001 6.432957943606E-002
4.180180657658E+000 1.276449379700E-001 6.393897331285E-002
4.188188664665E+000 1.268663338618E-001 6.355050570399E-002
4.196196671672E+000 1.260919799754E-001 6.316416734499E-002
4.204204678679E+000 1.253218577380E-001 6.277994898309E-002
4.212212685686E+000 1.245559486000E-001 6.239784137767E-002
4.220220692693E+000 1.237942340370E-001 6.201783530064E-002
4.228228699700E+000 1.230366955496E-001 6.163992153688E-002
4.236236706707E+000 1.222833146647E-001 6.126409088452E-002
4.244244713714E+000 1.215340729364E-001 6.089033415541E-002
4.252252720721E+000 1.207889519459E-001 6.051864217544E-002
4.260260727728E+000 1.200479333033E-001 6.014900578490E-002
4.268268734735E+000 1.193109986474E-001 5.978141583886E-002
4.276276741742E+000 1.185781296469E-001 5.941586320748E-002
4.284284748749E+000 1.178493080009E-001 5.905233877639E-002
4.292292755756E+000 1.171245154398E-001 5.869083344699E-002
4.300300762763E+000 1.164037337254E-001 5.833133813681E-002
4.308308769770E+000 1.156869446521E-001 5.797384377978E-002
4.316316776777E+000 1.149741300475E-001 5.761834132663E-002
4.324324783784E+000 1.142652717724E-001 5.726482174511E-002
4.332332790791E+000 1.135603517223E-001 5.691327602036E-002
4.340340797798E+000 1.128593518273E-001 5.656369515516E-002
4.348348804805E+000 1.121622540529E-001 5.621607017026E-002
4.356356811812E+000 1.114690404007E-001 5.587039210464E-002
4.364364818819E+000 1.107796929088E-001 5.552665201580E-002
4.372372825826E+000 1.100941936522E-001 5.518484098004E-002
4.380380832833E+000 1.094125247439E-001 5.484495009271E-002
4.388388839840E+000 1.087346683348E-001 5.450697046851E-002
4.396396846847E+000 1.080606066145E-001 5.417089324170E-002
4.404404853854E+000 1.073903218117E-001 5.383670956639E-002
4.412412860861E+000 1.067237961949E-001 5.350441061677E-002
4.420420867868E+000 1.060610120727E-001 5.317398758737E-002
4.428428874875E+000 1.054019517941E-001 5.284543169327E-002
4.436436881882E+000 1.047465977495E-001 5.251873417036E-002
4.444444888889E+000 1.040949323706E-001 5.219388627553E-002
4.452452895896E+000 1.034469381311E-001 5.187087928695E-002
4.460460902903E+000 1.028025979592E-001 5.154970450423E-002
4.468468909910E+000 1.021618939887E-001 5.123035324867E-002
4.476476916917E+000 1.015248088217E-001 5.091281686343E-002
4.484484923924E+000 1.008913251040E-001 5.059708671380E-002
4.492492930931E+000 1.002614255255E-001 5.028315418730E-002
4.500500937938E+000 9.963509282029E-002 4.997101069397E-002
4.508508944945E+000 9.901230976749E-002 4.966064766652E-002
4.516516951952E+000 9.839305919118E-002 4.935205656047E-002
4.524524958959E+000 9.777732396100E-002 4.904522885443E-002
4.532532965966E+000 9.716508699243E-002 4.874015605017E-002
4.540540972973E+000 9.655633124713E-002 4.843682967288E-002
4.548548979980E+000 9.595103973330E-002 4.813524127128E-002
4.556556986987E+000 9.534919550596E-002 4.783538241780E-002
4.564564993994E+000 9.475078166730E-002 4.753724470875E-002
4.572573001001E+000 9.415578136696E-002 4.724081976446E-002
4.580581008008E+000 9.356417780236E-002 4.694609922946E-002
4.588589015015E+000 9.297595421895E-002 4.665307477259E-002
4.596597022022E+000 9.239109391052E-002 4.636173808714E-002
4.604605029029E+000 9.180958021949E-002 4.607208089104E-002
4.612613036036E+000 9.123139653712E-002 4.578409492697E-002
4.620621043043E+000 9.065652630384E-002 4.549777196245E-002
4.628629050050E+000 9.008495300945E-002 4.521310379003E-002
4.636637057057E+000 8.951666019340E-002 4.493008222741E-002
4.644645064064E+000 8.895163144498E-002 4.464869911749E-002
4.652653071071E+000 8.838985040362E-002 4.436894632860E-002
4.660661078078E+000 8.783130075906E-002 4.409081575450E-002
4.668669085085E+000 8.727596625159E-002 4.381429931458E-002
4.676677092092E+000 8.672383067224E-002 4.353938895392E-002
4.684685099099E+000 8.617487786303E-002 4.326607664341E-002
4.692693106106E+000 8.562909171709E-002 4.299435437983E-002
4.700701113113E+000 8.508645617893E-002 4.272421418600E-002
4.708709120120E+000 8.454695524458E-002 4.245564811079E-002
4.716717127127E+000 8.401057296177E-002 4.218864822931E-002
4.724725134134E+000 8.347729343011E-002 4.192320664292E-002
4.732733141141E+000 8.294710080126E-002 4.165931547933E-002
4.740741148148E+000 8.241997927907E-002 4.139696689273E-002
4.748749155155E+000 8.189591311977E-002 4.113615306381E-002
4.756757162162E+000 8.137488663205E-002 4.087686619987E-002
4.764765169169E+000 8.085688417728E-002 4.061909853488E-002
4.772773176176E+000 8.034189016959E-002 4.036284232954E-002
4.780781183183E+000 7.982988907602E-002 4.010808987138E-002
4.788789190190E+000 7.932086541666E-002 3.985483347480E-002
4.796797197197E+000 7.881480376473E-002 3.960306548114E-002
4.804805204204E+000 7.831168874672E-002 3.935277825871E-002
4.812813211211E+000 7.781150504250E-002 3.910396420292E-002
4.820821218218E+000 7.731423738540E-002 3.885661573625E-002
4.828829225225E+000 7.681987056234E-002 3.861072530836E-002
4.836837232232E+000 7.632838941390E-002 3.836628539609E-002
4.844845239239E+000 7.583977883440E-002 3.812328850356E-002
4.852853246246E+000 7.535402377201E-002 3.788172716218E-002
4.860861253253E+000 7.487110922880E-002 3.764159393069E-002
4.868869260260E+000 7.439102026084E-002 3.740288139522E-002
4.876877267267E+000 7.391374197823E-002 3.716558216931E-002
4.884885274274E+000 7.343925954521E-002 3.692968889395E-002
4.892893281281E+000 7.296755818016E-002 3.669519423760E-002
4.900901288288E+000 7.249862315573E-002 3.646209089624E-002
4.908909295295E+000 7.203243979880E-002 3.623037159340E-002
4.916917302302E+000 7.156899349062E-002 3.600002908015E-002
4.924925309309E+000 7.110826966676E-002 3.577105613516E-002
4.932933316316E+000 7.065025381721E-002 3.554344556471E-002
4.940941323323E+000 7.019493148640E-002 3.531719020269E-002
4.948949330330E+000 6.974228827319E-002 3.509228291066E-002
4.956957337337E+000 6.929230983095E-002 3.486871657782E-002
4.964965344344E+000 6.884498186753E-002 3.464648412104E-002
4.972973351351E+000 6.840029014531E-002 3.442557848489E-002
4.980981358358E+000 6.795822048121E-002 3.420599264162E-002
4.988989365365E+000 6.751875874668E-002 3.398771959117E-002
4.996997372372E+000 6.708189086769E-002 3.377075236120E-002
5.005005379379E+000 6.664760282478E-002 3.355508400707E-002
5.013013386386E+000 6.621588065303E-002 3.334070761185E-002
5.021021393393E+000 6.578671044203E-002 3.312761628631E-002
5.029029400400E+000 6.536007833592E-002 3.291580316894E-002
5.037037407407E+000 6.493597053333E-002 3.270526142593E-002
5.045045414414E+000 6.451437328739E-002 3.249598425117E-002
5.053053421421E+000 6.409527290570E-002 3.228796486622E-002
5.061061428428E+000 6.367865575029E-002 3.208119652036E-002
5.069069435435E+000 6.326450823764E-002 3.187567249049E-002
5.077077442442E+000 6.285281683860E-002 3.167138608123E-002
5.085085449449E+000 6.244356807837E-002 3.146833062479E-002
5.093093456456E+000 6.203674853647E-002 3.126649948104E-002
5.101101463463E+000 6.163234484671E-002 3.106588603746E-002
5.109109470470E+000 6.123034369714E-002 3.086648370913E-002
5.117117477477E+000 6.083073182996E-002 3.066828593870E-002
5.125125484484E+000 6.043349604156E-002 3.047128619638E-002
5.133133491491E+000 6.003862318237E-002 3.027547797991E-002
5.141141498499E+000 5.964610015690E-002 3.008085481453E-002
5.149149505506E+000 5.925591392361E-002 2.988741025299E-002
5.157157512513E+000 5.886805149486E-002 2.969513787547E-002
5.165165519520E+000 5.848249993690E-002 2.950403128960E-002
5.173173526527E+000 5.809924636974E-002 2.931408413040E-002
5.181181533534E+000 5.771827796712E-002 2.912529006026E-002
5.189189540541E+000 5.733958195642E-002 2.893764276892E-002
5.197197547548E+000 5.696314561860E-002 2.875113597341E-002
5.205205554555E+000 5.658895628812E-002 2.856576341804E-002
5.213213561562E+000 5.621700135287E-002 2.838151887435E-002
5.221221568569E+000 5.584726825404E-002 2.819839614110E-002
5.229229575576E+000 5.547974448613E-002 2.801638904418E-002
5.237237582583E+000 5.511441759678E-002 2.783549143663E-002
5.245245589590E+000 5.475127518672E-002 2.765569719856E-002
5.253253596597E+000 5.439030490967E-002 2.747700023713E-002
5.261261603604E+000 5.403149447226E-002 2.729939448649E-002
5.269269610611E+000 5.367483163393E-002 2.712287390776E-002
5.277277617618E+000 5.332030420682E-002 2.694743248895E-002
5.285285624625E+000 5.296790005570E-002 2.677306424498E-002
5.293293631632E+000 5.261760709783E-002 2.659976321754E-002
5.301301638639E+000 5.226941330290E-002 2.642752347514E-002
5.309309645646E+000 5.192330669290E-002 2.625633911298E-002
5.317317652653E+000 5.157927534202E-002 2.608620425298E-002
5.325325659660E+000 5.123730737654E-002 2.591711304364E-002
5.333333666667E+000 5.089739097471E-002 2.574905966006E-002
5.341341673674E+000 5.055951436668E-002 2.558203830388E-002
5.349349680681E+000 5.022366583432E-002 2.541604320319E-002
5.357357687688E+000 4.988983371117E-002 2.525106861250E-002
5.365365694695E+000 4.955800638227E-002 2.508710881271E-002
5.373373701702E+000 4.922817228408E-002 2.492415811099E-002
5.381381708709E+000 4.890031990434E-002 2.476221084079E-002
5.389389715716E+000 4.857443778195E-002 2.460126136176E-002
5.397397722723E+000 4.825051450684E-002 2.444130405968E-002
5.405405729730E+000 4.792853871986E-002 2.428233334642E-002
5.413413736737E+000 4.760849911265E-002 2.412434365986E-002
5.421421743744E+000 4.729038442750E-002 2.396732946385E-002
5.429429750751E+000 4.697418345723E-002 2.381128524815E-002
5.437437757758E+000 4.665988504505E-002 2.365620552835E-002
5.445445764765E+000 4.634747808444E-002 2.350208484582E-002
5.453453771772E+000 4.603695151900E-002 2.334891776767E-002
5.461461778779E+000 4.572829434234E-002 2.319669888664E-002
5.469469785786E+000 4.542149559791E-002 2.304542282107E-002
5.477477792793E+000 4.511654437889E-002 2.289508421483E-002
5.485485799800E+000 4.481342982803E-002 2.274567773725E-002
5.493493806807E+000 4.451214113752E-002 2.259719808305E-002
5.501501813814E+000 4.421266754886E-002 2.244963997229E-002
5.509509820821E+000 4.391499835268E-002 2.230299815029E-002
5.517517827828E+000 4.361912288863E-002 2.215726738757E-002
5.525525834835E+000 4.332503054524E-002 2.201244247978E-002
5.533533841842E+000 4.303271075973E-002 2.186851824763E-002
5.541541848849E+000 4.274215301791E-002 2.172548953681E-002
5.549549855856E+000 4.245334685400E-002 2.158335121795E-002
5.557557862863E+000 4.216628185050E-002 2.144209818654E-002
5.565565869870E+000 4.188094763802E-002 2.130172536283E-002
5.573573876877E+000 4.159733389514E-002 2.116222769180E-002
5.581581883884E+000 4.131543034828E-002 2.102360014306E-002
5.589589890891E+000 4.103522677148E-002 2.088583771080E-002
5.597597897898E+000 4.075671298633E-002 2.074893541371E-002
5.605605904905E+000 4.047987886175E-002 2.061288829490E-002
5.613613911912E+000 4.020471431385E-002 2.047769142184E-002
5.621621918919E+000 3.993120930579E-002 2.034333988626E-002
5.629629925926E+000 3.965935384762E-002 2.020982880412E-002
5.637637932933E+000 3.938913799609E-002 2.007715331551E-002
5.645645939940E+000 3.912055185452E-002 1.994530858457E-002
5.653653946947E+000 3.885358557264E-002 1.981428979942E-002
5.661661953954E+000 3.858822934642E-002 1.968409217210E-002
5.669669960961E+000 3.832447341789E-002 1.955471093848E-002
5.677677967968E+000 3.806230807500E-002 1.942614135819E-002
5.685685974975E+000 3.780172365148E-002 1.929837871454E-002
5.693693981982E+000 3.754271052662E-002 1.917141831444E-002
5.701701988989E+000 3.728525912512E-002 1.904525548833E-002
5.709709995996E+000 3.702935991698E-002 1.891988559013E-002
5.717718003003E+000 3.677500341726E-002 1.879530399709E-002
5.725726010010E+000 3.652218018595E-002 1.867150610979E-002
5.733734017017E+000 3.627088082780E-002 1.854848735203E-002
5.741742024024E+000 3.602109599215E-002 1.842624317073E-002
5.749750031031E+000 3.577281637275E-002 1.830476903591E-002
5.757758038038E+000 3.552603270763E-002 1.818406044053E-002
5.765766045045E+000 3.528073577887E-002 1.806411290051E-002
5.773774052052E+000 3.503691641248E-002 1.794492195456E-002
5.781782059059E+000 3.479456547821E-002 1.782648316416E-002
5.789790066066E+000 3.455367388938E-002 1.770879211345E-002
5.797798073073E+000 3.431423260271E-002 1.759184440917E-002
5.805806080080E+000 3.407623261813E-002 1.747563568058E-002
5.813814087087E+000 3.383966497866E-002 1.736016157935E-002
5.821822094094E+000 3.360452077018E-002 1.724541777953E-002
5.829830101101E+000 3.337079112127E-002 1.713139997741E-002
5.837838108108E+000 3.313846720307E-002 1.701810389151E-002
5.845846115115E+000 3.290754022907E-002 1.690552526244E-002
5.853854122122E+000 3.267800145493E-002 1.679365985285E-002
5.861862129129E+000 3.244984217837E-002 1.668250344734E-002
5.869870136136E+000 3.222305373889E-002 1.657205185238E-002
5.877878143143E+000 3.199762751769E-002 1.646230089624E-002
5.885886150150E+000 3.177355493745E-002 1.635324642887E-002
5.893894157157E+000 3.155082746215E-002 1.624488432190E-002
5.901902164164E+000 3.132943659691E-002 1.613721046846E-002
5.909910171171E+000 3.110937388782E-002 1.603022078317E-002
5.917918178178E+000 3.089063092174E-002 1.592391120203E-002
5.925926185185E+000 3.067319932614E-002 1.581827768235E-002
5.933934192192E+000 3.045707076890E-002 1.571331620266E-002
5.941942199199E+000 3.024223695817E-002 1.560902276263E-002
5.949950206206E+000 3.002868964216E-002 1.550539338298E-002
5.957958213213E+000 2.981642060899E-002 1.540242410544E-002
5.965966220220E+000 2.960542168649E-002 1.530011099260E-002
5.973974227227E+000 2.939568474201E-002 1.519845012789E-002
5.981982234234E+000 2.918720168228E-002 1.509743761546E-002
5.989990241241E+000 2.897996445321E-002 1.499706958013E-002
5.997998248248E+000 2.877396503970E-002 1.489734216727E-002
6.006006255255E+000 2.856919546549E-002 1.479825154276E-002
6.014014262262E+000 2.836564779295E-002 1.469979389288E-002
6.022022269269E+000 2.816331412292E-002 1.460196542422E-002
6.030030276276E+000 2.796218659454E-002 1.450476236364E-002
6.038038283283E+000 2.776225738504E-002 1.440818095814E-002
6.046046290290E+000 2.756351870958E-002 1.431221747483E-002
6.054054297297E+000 2.736596282108E-002 1.421686820078E-002
6.062062304304E+000 2.716958201002E-002 1.412212944303E-002
6.070070311311E+000 2.697436860427E-002 1.402799752840E-002
6.078078318318E+000 2.678031496890E-002 1.393446880350E-002
6.086086325325E+000 2.658741350604E-002 1.384153963461E-002
6.094094332332E+000 2.639565665464E-002 1.374920640760E-002
6.102102339339E+000 2.620503689034E-002 1.365746552784E-002
6.110110346346E+000 2.601554672525E-002 1.356631342015E-002
6.118118353353E+000 2.582717870782E-002 1.347574652868E-002
6.126126360360E+000 2.563992542260E-002 1.338576131685E-002
6.134134367367E+000 2.545377949012E-002 1.329635426728E-002
6.142142374374E+000 2.526873356666E-002 1.320752188167E-002
6.150150381381E+000 2.508478034410E-002 1.311926068077E-002
6.158158388388E+000 2.490191254975E-002 1.303156720426E-002
6.166166395395E+000 2.472012294612E-002 1.294443801069E-002
6.174174402402E+000 2.453940433080E-002 1.285786967737E-002
6.182182409409E+000 2.435974953623E-002 1.277185880034E-002
6.190190416416E+000 2.418115142957E-002 1.268640199423E-002
6.198198423423E+000 2.400360291247E-002 1.260149589224E-002
6.206206430430E+000 2.382709692094E-002 1.251713714601E-002
6.214214437437E+000 2.365162642512E-002 1.243332242556E-002
6.222222444444E+000 2.347718442914E-002 1.235004841922E-002
6.230230451451E+000 2.330376397093E-002 1.226731183353E-002
6.238238458458E+000 2.313135812202E-002 1.218510939316E-002
6.246246465465E+000 2.295995998741E-002 1.210343784086E-002
6.254254472472E+000 2.278956270533E-002 1.202229393734E-002
6.262262479479E+000 2.262015944711E-002 1.194167446123E-002
6.270270486486E+000 2.245174341697E-002 1.186157620896E-002
6.278278493493E+000 2.228430785187E-002 1.178199599471E-002
6.286286500501E+000 2.211784602128E-002 1.170293065032E-002
6.294294507508E+000 2.195235122709E-002 1.162437702522E-002
6.302302514515E+000 2.178781680333E-002 1.154633198633E-002
6.310310521522E+000 2.162423611606E-002 1.146879241800E-002
6.318318528529E+000 2.146160256319E-002 1.139175522194E-002
6.326326535536E+000 2.129990957426E-002 1.131521731711E-002
6.334334542543E+000 2.113915061029E-002 1.123917563966E-002
6.342342549550E+000 2.097931916361E-002 1.116362714286E-002
6.350350556557E+000 2.082040875766E-002 1.108856879701E-002
6.358358563564E+000 2.066241294683E-002 1.101399758937E-002
6.366366570571E+000 2.050532531630E-002 1.093991052406E-002
6.374374577578E+000 2.034913948179E-002 1.086630462203E-002
6.382382584585E+000 2.019384908948E-002 1.079317692092E-002
6.390390591592E+000 2.003944781578E-002 1.072052447504E-002
6.398398598599E+000 1.988592936714E-002 1.064834435526E-002
6.406406605606E+000 1.973328747990E-002 1.057663364893E-002
6.414414612613E+000 1.958151592014E-002 1.050538945983E-002
6.422422619620E+000 1.943060848343E-002 1.043460890807E-002
6.430430626627E+000 1.928055899473E-002 1.036428913004E-002
6.438438633634E+000 1.913136130816E-002 1.029442727827E-002
6.446446640641E+000 1.898300930686E-002 1.022502052146E-002
6.454454647648E+000 1.883549690279E-002 1.015606604429E-002
6.462462654655E+000 1.868881803659E-002 1.008756104744E-002
6.470470661662E+000 1.854296667736E-002 1.001950274744E-002
6.478478668669E+000 1.839793682250E-002 9.951888376642E-003
6.486486675676E+000 1.825372249757E-002 9.884715183133E-003
6.494494682683E+000 1.811031775608E-002 9.817980430653E-003
6.502502689690E+000 1.796771667931E-002 9.751681398523E-003
6.510510696697E+000 1.782591337616E-002 9.685815381575E-003
6.518518703704E+000 1.768490198298E-002 9.620379690073E-003
6.526526710711E+000 1.754467666338E-002 9.555371649642E-003
6.534534717718E+000 1.740523160805E-002 9.490788601192E-003
6.542542724725E+000 1.726656103461E-002 9.426627900845E-003
6.550550731732E+000 1.712865918743E-002 9.362886919861E-003
6.558558738739E+000 1.699152033743E-002 9.299563044567E-003
6.566566745746E+000 1.685513878197E-002 9.236653676281E-003
6.574574752753E+000 1.671950884461E-002 9.174156231240E-003
6.582582759760E+000 1.658462487498E-002 9.112068140529E-003
6.590590766767E+000 1.645048124860E-002 9.050386850005E-003
6.598598773774E+000 1.631707236671E-002 8.989109820229E-003
6.606606780781E+000 1.618439265607E-002 8.928234526391E-003
6.614614787788E+000 1.605243656884E-002 8.867758458239E-003
6.622622794795E+000 1.592119858238E-002 8.807679120007E-003
6.630630801802E+000 1.579067319908E-002 8.747994030346E-003
6.638638808809E+000 1.566085494619E-002 8.688700722247E-003
6.646646815816E+000 1.553173837565E-002 8.629796742979E-003
6.654654822823E+000 1.540331806393E-002 8.571279654008E-003
6.662662829830E+000 1.527558861186E-002 8.513147030936E-003
6.670670836837E+000 1.514854464445E-002 8.455396463424E-003
6.678678843844E+000 1.502218081073E-002 8.398025555124E-003
6.686686850851E+000 1.489649178357E-002 8.341031923611E-003
6.694694857858E+000 1.477147225952E-002 8.284413200311E-003
6.702702864865E+000 1.464711695866E-002 8.228167030432E-003
6.710710871872E+000 1.452342062438E-002 8.172291072895E-003
6.718718878879E+000 1.440037802329E-002 8.116783000268E-003
6.726726885886E+000 1.427798394496E-002 8.061640498690E-003
6.734734892893E+000 1.415623320183E-002 8.006861267812E-003
6.742742899900E+000 1.403512062902E-002 7.952443020719E-003
6.750750906907E+000 1.391464108414E-002 7.898383483870E-003
6.758758913914E+000 1.379478944714E-002 7.844680397026E-003
6.766766920921E+000 1.367556062016E-002 7.791331513184E-003
6.774774927928E+000 1.355694952733E-002 7.738334598507E-003
6.782782934935E+000 1.343895111464E-002 7.685687432262E-003
6.790790941942E+000 1.332156034976E-002 7.633387806747E-003
6.798798948949E+000 1.320477222184E-002 7.581433527229E-003
6.806806955956E+000 1.308858174141E-002 7.529822411877E-003
6.814814962963E+000 1.297298394017E-002 7.478552291692E-003
6.822822969970E+000 1.285797387083E-002 7.427621010447E-003
6.830830976977E+000 1.274354660697E-002 7.377026424616E-003
6.838838983984E+000 1.262969724284E-002 7.326766403312E-003
6.846846990991E+000 1.251642089322E-002 7.276838828219E-003
6.854854997998E+000 1.240371269326E-002 7.227241593530E-003
6.862863005005E+000 1.229156779830E-002 7.177972605880E-003
6.870871012012E+000 1.217998138370E-002 7.129029784282E-003
6.878879019019E+000 1.206894864473E-002 7.080411060063E-003
6.886887026026E+000 1.195846479633E-002 7.032114376801E-003
6.894895033033E+000 1.184852507299E-002 6.984137690258E-003
6.902903040040E+000 1.173912472861E-002 6.936478968321E-003
6.910911047047E+000 1.163025903627E-002 6.889136190934E-003
6.918919054054E+000 1.152192328815E-002 6.842107350038E-003
6.926927061061E+000 1.141411279531E-002 6.795390449507E-003
6.934935068068E+000 1.130682288753E-002 6.748983505086E-003
6.942943075075E+000 1.120004891318E-002 6.702884544328E-003
6.950951082082E+000 1.109378623905E-002 6.657091606531E-003
6.958959089089E+000 1.098803025016E-002 6.611602742679E-003
6.966967096096E+000 1.088277634965E-002 6.566416015379E-003
6.974975103103E+000 1.077801995857E-002 6.521529498796E-003
6.982983110110E+000 1.067375651574E-002 6.476941278598E-003
6.990991117117E+000 1.056998147761E-002 6.432649451890E-003
6.998999124124E+000 1.046669031806E-002 6.388652127157E-003
7.007007131131E+000 1.036387852827E-002 6.344947424202E-003
7.015015138138E+000 1.026154161654E-002 6.301533474083E-003
7.023023145145E+000 1.015967510818E-002 6.258408419059E-003
7.031031152152E+000 1.005827454526E-002 6.215570412525E-003
7.039039159159E+000 9.957335486534E-003 6.173017618956E-003
7.047047166166E+000 9.856853507257E-003 6.130748213843E-003
7.055055173173E+000 9.756824199007E-003 6.088760383642E-003
7.063063180180E+000 9.657243169545E-003 6.047052325707E-003
7.071071187187E+000 9.558106042652E-003 6.005622248236E-003
7.079079194194E+000 9.459408457972E-003 5.964468370211E-003
7.087087201201E+000 9.361146070852E-003 5.923588921342E-003
7.095095208208E+000 9.263314552189E-003 5.882982142007E-003
7.103103215215E+000 9.165909588267E-003 5.842646283194E-003
7.111111222222E+000 9.068926880601E-003 5.802579606447E-003
7.119119229229E+000 8.972362145783E-003 5.762780383806E-003
7.127127236236E+000 8.876211115322E-003 5.723246897751E-003
7.135135243243E+000 8.780469535489E-003 5.683977441145E-003
7.143143250250E+000 8.685133167157E-003 5.644970317177E-003
7.151151257257E+000 8.590197785648E-003 5.606223839310E-003
7.159159264264E+000 8.495659180577E-003 5.567736331219E-003
7.167167271271E+000 8.401513155692E-003 5.529506126738E-003
7.175175278278E+000 8.307755528721E-003 5.491531569808E-003
7.183183285285E+000 8.214382131214E-003 5.453811014416E-003
7.191191292292E+000 8.121388808391E-003 5.416342824544E-003
7.199199299299E+000 8.028771418982E-003 5.379125374112E-003
7.207207306306E+000 7.936525835071E-003 5.342157046925E-003
7.215215313313E+000 7.844647941947E-003 5.305436236618E-003
7.223223320320E+000 7.753133637942E-003 5.268961346605E-003
7.231231327327E+000 7.661978834278E-003 5.232730790018E-003
7.239239334334E+000 7.571179454912E-003 5.196742989661E-003
7.247247341341E+000 7.480731436384E-003 5.160996377954E-003
7.255255348348E+000 7.390630727657E-003 5.125489396878E-003
7.263263355355E+000 7.300873289965E-003 5.090220497926E-003
7.271271362362E+000 7.211455096659E-003 5.055188142045E-003
7.279279369369E+000 7.122372133052E-003 5.020390799591E-003
7.287287376376E+000 7.033620396263E-003 4.985826950271E-003
7.295295383383E+000 6.945195895066E-003 4.951495083091E-003
7.303303390390E+000 6.857094649731E-003 4.917393696309E-003
7.311311397397E+000 6.769312691876E-003 4.883521297380E-003
7.319319404404E+000 6.681846064308E-003 4.849876402907E-003
7.327327411411E+000 6.594690820871E-003 4.816457538585E-003
7.335335418418E+000 6.507843026292E-003 4.783263239158E-003
7.343343425425E+000 6.421298756027E-003 4.750292048362E-003
7.351351432432E+000 6.335054096108E-003 4.717542518879E-003
7.359359439439E+000 6.249105142988E-003 4.685013212284E-003
7.367367446446E+000 6.163448003389E-003 4.652702698997E-003
7.375375453453E+000 6.078078794146E-003 4.620609558231E-003
7.383383460460E+000 5.992993642058E-003 4.588732377949E-003
7.391391467467E+000 5.908188683729E-003 4.557069754804E-003
7.399399474474E+000 5.823660065419E-003 4.525620294103E-003
7.407407481481E+000 5.739403942890E-003 4.494382609746E-003
7.415415488488E+000 5.655416481248E-003 4.463355324188E-003
7.423423495496E+000 5.571693854797E-003 4.432537068383E-003
7.431431502503E+000 5.488232246882E-003 4.401926481740E-003
7.439439509510E+000 5.405027849734E-003 4.371522212075E-003
7.447447516517E+000 5.322076864321E-003 4.341322915563E-003
7.455455523524E+000 5.239375500192E-003 4.311327256689E-003
7.463463530531E+000 5.156919975325E-003 4.281533908203E-003
7.471471537538E+000 5.074706515972E-003 4.251941551074E-003
7.479479544545E+000 4.992731356508E-003 4.222548874441E-003
7.487487551552E+000 4.910990739280E-003 4.193354575566E-003
7.495495558559E+000 4.829480914446E-003 4.164357359792E-003
7.503503565566E+000 4.748198139831E-003 4.135555940491E-003
7.511511572573E+000 4.667138680769E-003 4.106949039024E-003
7.519519579580E+000 4.586298809949E-003 4.078535384693E-003
7.527527586587E+000 4.505674807264E-003 4.050313714693E-003
7.535535593594E+000 4.425262959660E-003 4.022282774073E-003
7.543543600601E+000 4.345059560975E-003 3.994441315685E-003
7.551551607608E+000 4.265060911796E-003 3.966788100144E-003
7.559559614615E+000 4.185263319295E-003 3.939321895778E-003
7.567567621622E+000 4.105663097086E-003 3.912041478592E-003
7.575575628629E+000 4.026256565063E-003 3.884945632215E-003
7.583583635636E+000 3.947040049253E-003 3.858033147863E-003
7.591591642643E+000 3.868009881656E-003 3.831302824291E-003
7.599599649650E+000 3.789162400098E-003 3.804753467753E-003
7.607607656657E+000 3.710493948073E-003 3.778383891955E-003
7.615615663664E+000 3.632000874592E-003 3.752192918018E-003
7.623623670671E+000 3.553679534026E-003 3.726179374427E-003
7.631631677678E+000 3.475526285954E-003 3.700342096995E-003
7.639639684685E+000 3.397537495011E-003 3.674679928820E-003
7.647647691692E+000 3.319709530729E-003 3.649191720239E-003
7.655655698699E+000 3.242038767387E-003 3.623876328790E-003
7.663663705706E+000 3.164521583856E-003 3.598732619167E-003
7.671671712713E+000 3.087154363443E-003 3.573759463184E-003
7.679679719720E+000 3.009933493737E-003 3.548955739726E-003
7.687687726727E+000 2.932855366456E-003 3.524320334715E-003
7.695695733734E+000 2.855916377290E-003 3.499852141064E-003
7.703703740741E+000 2.779112925749E-003 3.475550058639E-003
7.711711747748E+000 2.702441415003E-003 3.451412994219E-003
7.719719754755E+000 2.625898251734E-003 3.427439861452E-003
7.727727761762E+000 2.549479845973E-003 3.403629580821E-003
7.735735768769E+000 2.473182610950E-003 3.379981079599E-003
7.743743775776E+000 2.397002962937E-003 3.356493291809E-003
7.751751782783E+000 2.320937321090E-003 3.333165158191E-003
7.759759789790E+000 2.244982107297E-003 3.309995626154E-003
7.767767796797E+000 2.169133746019E-003 3.286983649744E-003
7.775775803804E+000 2.093388664135E-003 3.264128189601E-003
7.783783810811E+000 2.017743290782E-003 3.241428212923E-003
7.791791817818E+000 1.942194057206E-003 3.218882693425E-003
7.799799824825E+000 1.866737396596E-003 3.196490611302E-003
7.807807831832E+000 1.791369743935E-003 3.174250953191E-003
7.815815838839E+000 1.716087535836E-003 3.152162712135E-003
7.823823845846E+000 1.640887210390E-003 3.130224887539E-003
7.831831852853E+000 1.565765207004E-003 3.108436485141E-003
7.839839859860E+000 1.490717966246E-003 3.086796516969E-003
7.847847866867E+000 1.415741929686E-003 3.065304001305E-003
7.855855873874E+000 1.340833539736E-003 3.043957962647E-003
7.863863880881E+000 1.265989239492E-003 3.022757431678E-003
7.871871887888E+000 1.191205472580E-003 3.001701445221E-003
7.879879894895E+000 1.116478682986E-003 2.980789046209E-003
7.887887901902E+000 1.041805314909E-003 2.960019283647E-003
7.895895908909E+000 9.671818125927E-004 2.939391212573E-003
7.903903915916E+000 8.926046201679E-004 2.918903894029E-003
7.911911922923E+000 8.180701814934E-004 2.898556395018E-003
7.919919929930E+000 7.435749399946E-004 2.878347788474E-003
7.927927936937E+000 6.691153385025E-004 2.858277153223E-003
7.935935943944E+000 5.946878190927E-004 2.838343573951E-003
7.943943950951E+000 5.202888229244E-004 2.818546141167E-003
7.951951957958E+000 4.459147900778E-004 2.798883951171E-003
7.959959964965E+000 3.715621593926E-004 2.779356106015E-003
7.967967971972E+000 2.972273683058E-004 2.759961713472E-003
7.975975978979E+000 2.229068526883E-004 2.740699887004E-003
7.983983985986E+000 1.485970466822E-004 2.721569745721E-003
7.991991992993E+000 7.429438253757E-005 2.702570414355E-003
8.000000000000E+000 -4.709551763294E-009 2.683701023220E-003
