# t	ln(y_fit)
0	4.9586648626489893
0.080402010050251257	4.9449463461054739
0.16080402010050251	4.9312278295619576
0.24120603015075376	4.9175093130184422
0.32160804020100503	4.9037907964749259
0.4020100502512563	4.8900722799314105
0.48241206030150752	4.8763537633878942
0.56281407035175879	4.8626352468443788
0.64321608040201006	4.8489167303008625
0.72361809045226133	4.835198213757347
0.8040201005025126	4.8214796972138316
0.88442211055276387	4.8077611806703153
0.96482412060301503	4.7940426641267999
1.0452261306532664	4.7803241475832836
1.1256281407035176	4.7666056310397682
1.206030150753769	4.7528871144962519
1.2864321608040201	4.7391685979527365
1.3668341708542713	4.7254500814092202
1.4472361809045227	4.7117315648657048
1.5276381909547738	4.6980130483221885
1.6080402010050252	4.6842945317786731
1.6884422110552764	4.6705760152351576
1.7688442211055277	4.6568574986916413
1.8492462311557789	4.6431389821481259
1.9296482412060301	4.6294204656046096
2.0100502512562812	4.6157019490610942
2.0904522613065328	4.6019834325175779
2.170854271356784	4.5882649159740625
2.2512562814070352	4.5745463994305471
2.3316582914572863	4.5608278828870308
2.4120603015075379	4.5471093663435154
2.4924623115577891	4.5333908497999991
2.5728643216080402	4.5196723332564837
2.6532663316582914	4.5059538167129674
2.7336683417085426	4.4922353001694519
2.8140703517587942	4.4785167836259356
2.8944723618090453	4.4647982670824202
2.9748743718592965	4.4510797505389039
3.0552763819095476	4.4373612339953885
3.1356783919597992	4.4236427174518731
3.2160804020100504	4.4099242009083568
3.2964824120603016	4.3962056843648414
3.3768844221105527	4.3824871678213251
3.4572864321608039	4.3687686512778097
3.5376884422110555	4.3550501347342934
3.6180904522613067	4.341331618190778
3.6984924623115578	4.3276131016472617
3.778894472361809	4.3138945851037462
3.8592964824120601	4.3001760685602308
3.9396984924623117	4.2864575520167145
4.0201005025125625	4.2727390354731991
4.1005025125628141	4.2590205189296828
4.1809045226130657	4.2453020023861674
4.2613065326633164	4.2315834858426511
4.341708542713568	4.2178649692991357
4.4221105527638196	4.2041464527556194
4.5025125628140703	4.190427936212104
4.5829145728643219	4.1767094196685886
4.6633165829145726	4.1629909031250723
4.7437185929648242	4.1492723865815568
4.8241206030150758	4.1355538700380405
4.9045226130653266	4.1218353534945251
4.9849246231155782	4.1081168369510088
5.0653266331658289	4.0943983204074934
5.1457286432160805	4.0806798038639771
5.2261306532663321	4.0669612873204617
5.3065326633165828	4.0532427707769454
5.3869346733668344	4.03952425423343
5.4673366834170851	4.0258057376899146
5.5477386934673367	4.0120872211463983
5.6281407035175883	3.9983687046028824
5.708542713567839	3.9846501880593665
5.7889447236180906	3.9709316715158511
5.8693467336683414	3.9572131549723353
5.949748743718593	3.9434946384288194
6.0301507537688446	3.9297761218853036
6.1105527638190953	3.9160576053417877
6.1909547738693469	3.9023390887982718
6.2713567839195985	3.888620572254756
6.3517587939698492	3.8749020557112406
6.4321608040201008	3.8611835391677243
6.5125628140703515	3.8474650226242089
6.5929648241206031	3.8337465060806926
6.6733668341708547	3.8200279895371771
6.7537688442211055	3.8063094729936613
6.8341708542713571	3.7925909564501454
6.9145728643216078	3.7788724399066296
6.9949748743718594	3.7651539233631137
7.075376884422111	3.7514354068195979
7.1557788944723617	3.737716890276082
7.2361809045226133	3.7239983737325666
7.316582914572864	3.7102798571890503
7.3969849246231156	3.6965613406455349
7.4773869346733672	3.6828428241020186
7.557788944723618	3.6691243075585032
7.6381909547738696	3.6554057910149873
7.7185929648241203	3.6416872744714714
7.7989949748743719	3.6279687579279556
7.8793969849246235	3.6142502413844397
7.9597989949748742	3.6005317248409243
8.0402010050251249	3.5868132082974085
8.1206030150753765	3.5730946917538926
8.2010050251256281	3.5593761752103767
8.2814070351758797	3.5456576586668609
8.3618090452261313	3.5319391421233446
8.4422110552763812	3.5182206255798292
8.5226130653266328	3.5045021090363138
8.6030150753768844	3.4907835924927975
8.683417085427136	3.477065075949282
8.7638190954773876	3.4633465594057657
8.8442211055276392	3.4496280428622499
8.924623115577889	3.4359095263187345
9.0050251256281406	3.4221910097752186
9.0854271356783922	3.4084724932317028
9.1658291457286438	3.3947539766881869
9.2462311557788954	3.381035460144671
9.3266331658291453	3.3673169436011552
9.4070351758793969	3.3535984270576398
9.4874371859296485	3.3398799105141235
9.5678391959799001	3.3261613939706081
9.6482412060301517	3.3124428774270918
9.7286432160804015	3.2987243608835763
9.8090452261306531	3.2850058443400605
9.8894472361809047	3.2712873277965446
9.9698492462311563	3.2575688112530288
10.050251256281408	3.2438502947095129
10.130653266331658	3.2301317781659975
10.211055276381909	3.2164132616224812
10.291457286432161	3.2026947450789658
10.371859296482413	3.1889762285354495
10.452261306532664	3.1752577119919341
10.532663316582914	3.1615391954484182
10.613065326633166	3.1478206789049024
10.693467336683417	3.1341021623613865
10.773869346733669	3.1203836458178706
10.85427135678392	3.1066651292743548
10.93467336683417	3.0929466127308389
11.015075376884422	3.0792280961873235
11.095477386934673	3.0655095796438072
11.175879396984925	3.0517910631002918
11.256281407035177	3.0380725465567755
11.336683417085426	3.0243540300132601
11.417085427135678	3.0106355134697442
11.49748743718593	2.9969169969262284
11.577889447236181	2.9831984803827125
11.658291457286433	2.9694799638391967
11.738693467336683	2.9557614472956812
11.819095477386934	2.9420429307521654
11.899497487437186	2.9283244142086495
11.979899497487438	2.9146058976651337
12.060301507537689	2.9008873811216178
12.140703517587941	2.887168864578102
12.221105527638191	2.8734503480345861
12.301507537688442	2.8597318314910702
12.381909547738694	2.8460133149475544
12.462311557788945	2.8322947984040385
12.542713567839197	2.8185762818605227
12.623115577889447	2.8048577653170073
12.703517587939698	2.7911392487734914
12.78391959798995	2.7774207322299755
12.864321608040202	2.7637022156864597
12.944723618090453	2.7499836991429438
13.025125628140703	2.736265182599428
13.105527638190955	2.7225466660559121
13.185929648241206	2.7088281495123963
13.266331658291458	2.6951096329688804
13.346733668341709	2.6813911164253645
13.427135678391959	2.6676725998818491
13.507537688442211	2.6539540833383333
13.587939698492463	2.6402355667948174
13.668341708542714	2.6265170502513016
13.748743718592966	2.6127985337077857
13.829145728643216	2.5990800171642698
13.909547738693467	2.585361500620754
13.989949748743719	2.5716429840772381
14.07035175879397	2.5579244675337223
14.150753768844222	2.5442059509902064
14.231155778894472	2.530487434446691
14.311557788944723	2.5167689179031751
14.391959798994975	2.5030504013596593
14.472361809045227	2.4893318848161434
14.552763819095478	2.4756133682726276
14.633165829145728	2.4618948517291117
14.71356783919598	2.4481763351855959
14.793969849246231	2.43445781864208
14.874371859296483	2.4207393020985641
14.954773869346734	2.4070207855550483
15.035175879396984	2.3933022690115329
15.115577889447236	2.379583752468017
15.195979899497488	2.3658652359245012
15.276381909547739	2.3521467193809853
15.356783919597991	2.3384282028374694
15.437185929648241	2.324709686293954
15.517587939698492	2.3109911697504377
15.597989949748744	2.2972726532069219
15.678391959798995	2.283554136663406
15.758793969849247	2.2698356201198902
15.839195979899499	2.2561171035763743
15.919597989949748	2.2423985870328589
16	2.228680070489343
