# t	ln_central	ln_pp	ln_pm	ln_mp	ln_mm
0	4.9586648626489893	4.9940667919130917	4.9940667919130917	4.923262933384887	4.923262933384887
0.080402010050251257	4.9449463461054739	4.9797728685481086	4.980923682191043	4.9089690100199039	4.9101198236628383
0.16080402010050251	4.9312278295619576	4.9654789451831247	4.9677805724689952	4.89467508665492	4.8969767139407905
0.24120603015075376	4.9175093130184422	4.9511850218181417	4.9546374627469465	4.880381163289937	4.8838336042187418
0.32160804020100503	4.9037907964749259	4.9368910984531587	4.9414943530248987	4.866087239924954	4.870690494496694
0.4020100502512563	4.8900722799314105	4.9225971750881747	4.92835124330285	4.85179331655997	4.8575473847746453
0.48241206030150752	4.8763537633878942	4.9083032517231917	4.9152081335808022	4.837499393194987	4.8444042750525975
0.56281407035175879	4.8626352468443788	4.8940093283582087	4.9020650238587535	4.823205469830004	4.8312611653305488
0.64321608040201006	4.8489167303008625	4.8797154049932248	4.8889219141367057	4.8089115464650201	4.818118055608501
0.72361809045226133	4.835198213757347	4.8654214816282417	4.8757788044146571	4.794617623100037	4.8049749458864524
0.8040201005025126	4.8214796972138316	4.8511275582632587	4.8626356946926084	4.780323699735054	4.7918318361644037
0.88442211055276387	4.8077611806703153	4.8368336348982748	4.8494925849705606	4.7660297763700701	4.7786887264423559
0.96482412060301503	4.7940426641267999	4.8225397115332918	4.8363494752485119	4.7517358530050871	4.7655456167203072
1.0452261306532664	4.7803241475832836	4.8082457881683087	4.8232063655264641	4.737441929640104	4.7524025069982594
1.1256281407035176	4.7666056310397682	4.7939518648033248	4.8100632558044154	4.7231480062751201	4.7392593972762107
1.206030150753769	4.7528871144962519	4.7796579414383418	4.7969201460823676	4.7088540829101371	4.7261162875541629
1.2864321608040201	4.7391685979527365	4.7653640180733587	4.7837770363603189	4.694560159545154	4.7129731778321142
1.3668341708542713	4.7254500814092202	4.7510700947083748	4.7706339266382702	4.6802662361801701	4.6998300681100655
1.4472361809045227	4.7117315648657048	4.7367761713433918	4.7574908169162224	4.6659723128151871	4.6866869583880177
1.5276381909547738	4.6980130483221885	4.7224822479784088	4.7443477071941738	4.6516783894502041	4.6735438486659691
1.6080402010050252	4.6842945317786731	4.7081883246134248	4.731204597472126	4.6373844660852201	4.6604007389439213
1.6884422110552764	4.6705760152351576	4.6938944012484418	4.7180614877500773	4.6230905427202371	4.6472576292218726
1.7688442211055277	4.6568574986916413	4.6796004778834588	4.7049183780280295	4.6087966193552541	4.6341145194998248
1.8492462311557789	4.6431389821481259	4.6653065545184749	4.6917752683059808	4.5945026959902702	4.6209714097777761
1.9296482412060301	4.6294204656046096	4.6510126311534918	4.6786321585839321	4.5802087726252871	4.6078283000557274
2.0100502512562812	4.6157019490610942	4.6367187077885088	4.6654890488618843	4.5659148492603041	4.5946851903336796
2.0904522613065328	4.6019834325175779	4.6224247844235249	4.6523459391398356	4.5516209258953202	4.5815420806116309
2.170854271356784	4.5882649159740625	4.6081308610585419	4.6392028294177878	4.5373270025303372	4.5683989708895831
2.2512562814070352	4.5745463994305471	4.5938369376935588	4.6260597196957391	4.5230330791653541	4.5552558611675344
2.3316582914572863	4.5608278828870308	4.5795430143285749	4.6129166099736914	4.5087391558003702	4.5421127514454867
2.4120603015075379	4.5471093663435154	4.5652490909635919	4.5997735002516427	4.4944452324353872	4.528969641723438
2.4924623115577891	4.5333908497999991	4.5509551675986089	4.586630390529594	4.4801513090704042	4.5158265320013893
2.5728643216080402	4.5196723332564837	4.5366612442336249	4.5734872808075462	4.4658573857054202	4.5026834222793415
2.6532663316582914	4.5059538167129674	4.5223673208686419	4.5603441710854975	4.4515634623404372	4.4895403125572928
2.7336683417085426	4.4922353001694519	4.5080733975036589	4.5472010613634497	4.4372695389754542	4.476397202835245
2.8140703517587942	4.4785167836259356	4.493779474138675	4.534057951641401	4.4229756156104703	4.4632540931131963
2.8944723618090453	4.4647982670824202	4.4794855507736919	4.5209148419193532	4.4086816922454872	4.4501109833911485
2.9748743718592965	4.4510797505389039	4.4651916274087089	4.5077717321973045	4.3943877688805042	4.4369678736690998
3.0552763819095476	4.4373612339953885	4.450897704043725	4.4946286224752567	4.3800938455155203	4.423824763947052
3.1356783919597992	4.4236427174518731	4.4366037806787419	4.4814855127532081	4.3657999221505372	4.4106816542250034
3.2160804020100504	4.4099242009083568	4.4223098573137589	4.4683424030311603	4.3515059987855542	4.3975385445029556
3.2964824120603016	4.3962056843648414	4.408015933948775	4.4551992933091116	4.3372120754205703	4.3843954347809069
3.3768844221105527	4.3824871678213251	4.393722010583792	4.4420561835870629	4.3229181520555873	4.3712523250588582
3.4572864321608039	4.3687686512778097	4.3794280872188089	4.4289130738650151	4.3086242286906042	4.3581092153368104
3.5376884422110555	4.3550501347342934	4.365134163853825	4.4157699641429664	4.2943303053256203	4.3449661056147617
3.6180904522613067	4.341331618190778	4.350840240488842	4.4026268544209186	4.2800363819606373	4.3318229958927139
3.6984924623115578	4.3276131016472617	4.336546317123859	4.3894837446988699	4.2657424585956543	4.3186798861706652
3.778894472361809	4.3138945851037462	4.322252393758875	4.3763406349768221	4.2514485352306703	4.3055367764486174
3.8592964824120601	4.3001760685602308	4.307958470393892	4.3631975252547734	4.2371546118656873	4.2923936667265687
3.9396984924623117	4.2864575520167145	4.293664547028909	4.3500544155327248	4.2228606885007043	4.2792505570045201
4.0201005025125625	4.2727390354731991	4.279370623663926	4.336911305810677	4.2085667651357213	4.2661074472824723
4.1005025125628141	4.2590205189296828	4.265076700298942	4.3237681960886283	4.1942728417707373	4.2529643375604236
4.1809045226130657	4.2453020023861674	4.250782776933959	4.3106250863665805	4.1799789184057543	4.2398212278383758
4.2613065326633164	4.2315834858426511	4.2364888535689751	4.2974819766445318	4.1656849950407704	4.2266781181163271
4.341708542713568	4.2178649692991357	4.2221949302039921	4.284338866922484	4.1513910716757874	4.2135350083942793
4.4221105527638196	4.2041464527556194	4.207901006839009	4.2711957572004353	4.1370971483108043	4.2003918986722306
4.5025125628140703	4.190427936212104	4.1936070834740251	4.2580526474783866	4.1228032249458204	4.1872487889501819
4.5829145728643219	4.1767094196685886	4.1793131601090421	4.2449095377563388	4.1085093015808374	4.1741056792281341
4.6633165829145726	4.1629909031250723	4.1650192367440591	4.2317664280342902	4.0942153782158544	4.1609625695060855
4.7437185929648242	4.1492723865815568	4.1507253133790751	4.2186233183122424	4.0799214548508704	4.1478194597840377
4.8241206030150758	4.1355538700380405	4.1364313900140921	4.2054802085901937	4.0656275314858874	4.134676350061989
4.9045226130653266	4.1218353534945251	4.1221374666491091	4.1923370988681459	4.0513336081209044	4.1215332403399412
4.9849246231155782	4.1081168369510088	4.1078435432841252	4.1791939891460972	4.0370396847559205	4.1083901306178925
5.0653266331658289	4.0943983204074934	4.0935496199191421	4.1660508794240494	4.0227457613909374	4.0952470208958447
5.1457286432160805	4.0806798038639771	4.0792556965541591	4.1529077697020007	4.0084518380259544	4.082103911173796
5.2261306532663321	4.0669612873204617	4.0649617731891752	4.139764659979952	3.9941579146609709	4.0689608014517473
5.3065326633165828	4.0532427707769454	4.0506678498241921	4.1266215502579042	3.9798639912959874	4.0558176917296995
5.3869346733668344	4.03952425423343	4.0363739264592091	4.1134784405358555	3.9655700679310044	4.0426745820076508
5.4673366834170851	4.0258057376899146	4.0220800030942261	4.1003353308138077	3.9512761445660209	4.029531472285603
5.5477386934673367	4.0120872211463983	4.0077860797292422	4.0871922210917591	3.9369822212010375	4.0163883625635544
5.6281407035175883	3.9983687046028824	3.9934921563642591	4.0740491113697104	3.9226882978360544	4.0032452528415057
5.708542713567839	3.9846501880593665	3.9791982329992757	4.0609060016476626	3.908394374471071	3.9901021431194579
5.7889447236180906	3.9709316715158511	3.9649043096342922	4.0477628919256148	3.8941004511060875	3.9769590333974096
5.8693467336683414	3.9572131549723353	3.9506103862693092	4.0346197822035661	3.8798065277411045	3.9638159236753614
5.949748743718593	3.9434946384288194	3.9363164629043257	4.0214766724815174	3.865512604376121	3.9506728139533132
6.0301507537688446	3.9297761218853036	3.9220225395393422	4.0083335627594696	3.8512186810111375	3.9375297042312649
6.1105527638190953	3.9160576053417877	3.9077286161743592	3.9951904530374209	3.8369247576461545	3.9243865945092162
6.1909547738693469	3.9023390887982718	3.8934346928093757	3.9820473433153731	3.822630834281171	3.9112434847871684
6.2713567839195985	3.888620572254756	3.8791407694443922	3.9689042335933244	3.8083369109161875	3.8981003750651197
6.3517587939698492	3.8749020557112406	3.8648468460794092	3.9557611238712762	3.7940429875512045	3.8849572653430715
6.4321608040201008	3.8611835391677243	3.8505529227144257	3.942618014149228	3.779749064186221	3.8718141556210233
6.5125628140703515	3.8474650226242089	3.8362589993494423	3.9294749044271797	3.7654551408212376	3.858671045898975
6.5929648241206031	3.8337465060806926	3.8219650759844592	3.9163317947051315	3.7511612174562545	3.8455279361769268
6.6733668341708547	3.8200279895371771	3.8076711526194758	3.9031886849830828	3.7368672940912711	3.8323848264548781
6.7537688442211055	3.8063094729936613	3.7933772292544923	3.890045575261035	3.7225733707262876	3.8192417167328303
6.8341708542713571	3.7925909564501454	3.7790833058895092	3.8769024655389863	3.7082794473613045	3.8060986070107816
6.9145728643216078	3.7788724399066296	3.7647893825245258	3.8637593558169385	3.6939855239963211	3.7929554972887338
6.9949748743718594	3.7651539233631137	3.7504954591595423	3.8506162460948898	3.6796916006313376	3.7798123875666851
7.075376884422111	3.7514354068195979	3.7362015357945593	3.8374731363728416	3.6653976772663546	3.7666692778446369
7.1557788944723617	3.737716890276082	3.7219076124295758	3.8243300266507934	3.6511037539013711	3.7535261681225887
7.2361809045226133	3.7239983737325666	3.7076136890645923	3.8111869169287447	3.6368098305363876	3.74038305840054
7.316582914572864	3.7102798571890503	3.6933197656996093	3.7980438072066969	3.6225159071714046	3.7272399486784922
7.3969849246231156	3.6965613406455349	3.6790258423346258	3.7849006974846482	3.6082219838064211	3.7140968389564435
7.4773869346733672	3.6828428241020186	3.6647319189696423	3.7717575877626	3.5939280604414376	3.7009537292343953
7.557788944723618	3.6691243075585032	3.6504379956046593	3.7586144780405517	3.5796341370764546	3.687810619512347
7.6381909547738696	3.6554057910149873	3.6361440722396758	3.7454713683185035	3.5653402137114711	3.6746675097902988
7.7185929648241203	3.6416872744714714	3.6218501488746924	3.7323282585964552	3.5510462903464877	3.6615244000682505
7.7989949748743719	3.6279687579279556	3.6075562255097093	3.719185148874407	3.5367523669815046	3.6483812903462023
7.8793969849246235	3.6142502413844397	3.5932623021447259	3.7060420391523587	3.5224584436165212	3.635238180624154
7.9597989949748742	3.6005317248409243	3.5789683787797424	3.6928989294303101	3.5081645202515377	3.6220950709021054
8.0402010050251249	3.5868132082974085	3.5646744554147594	3.6797558197082623	3.4938705968865547	3.6089519611800576
8.1206030150753765	3.5730946917538926	3.5503805320497759	3.6666127099862136	3.4795766735215712	3.5958088514580089
8.2010050251256281	3.5593761752103767	3.5360866086847924	3.6534696002641653	3.4652827501565877	3.5826657417359606
8.2814070351758797	3.5456576586668609	3.5217926853198094	3.6403264905421171	3.4509888267916047	3.5695226320139124
8.3618090452261313	3.5319391421233446	3.5074987619548255	3.6271833808200684	3.4366949034266208	3.5563795222918637
8.4422110552763812	3.5182206255798292	3.4932048385898424	3.6140402710980206	3.4224009800616377	3.5432364125698159
8.5226130653266328	3.5045021090363138	3.4789109152248594	3.6008971613759724	3.4081070566966547	3.5300933028477677
8.6030150753768844	3.4907835924927975	3.4646169918598759	3.5877540516539241	3.3938131333316712	3.5169501931257194
8.683417085427136	3.477065075949282	3.4503230684948925	3.5746109419318755	3.3795192099666878	3.5038070834036708
8.7638190954773876	3.4633465594057657	3.4360291451299094	3.5614678322098272	3.3652252866017047	3.4906639736816225
8.8442211055276392	3.4496280428622499	3.4217352217649255	3.548324722487779	3.3509313632367208	3.4775208639595743
8.924623115577889	3.4359095263187345	3.4074412983999425	3.5351816127657307	3.3366374398717378	3.464377754237526
9.0050251256281406	3.4221910097752186	3.3931473750349594	3.5220385030436825	3.3223435165067547	3.4512346445154778
9.0854271356783922	3.4084724932317028	3.378853451669976	3.5088953933216338	3.3080495931417713	3.4380915347934291
9.1658291457286438	3.3947539766881869	3.3645595283049925	3.495752283599586	3.2937556697767878	3.4249484250713813
9.2462311557788954	3.381035460144671	3.3502656049400095	3.4826091738775373	3.2794617464118048	3.4118053153493326
9.3266331658291453	3.3673169436011552	3.335971681575026	3.4694660641554895	3.2651678230468213	3.3986622056272848
9.4070351758793969	3.3535984270576398	3.3216777582100425	3.4563229544334408	3.2508738996818378	3.3855190959052361
9.4874371859296485	3.3398799105141235	3.3073838348450595	3.4431798447113926	3.2365799763168548	3.3723759861831879
9.5678391959799001	3.3261613939706081	3.293089911480076	3.4300367349893444	3.2222860529518713	3.3592328764611397
9.6482412060301517	3.3124428774270918	3.2787959881150925	3.4168936252672957	3.2079921295868878	3.346089766739091
9.7286432160804015	3.2987243608835763	3.2645020647501095	3.4037505155452479	3.1936982062219048	3.3329466570170432
9.8090452261306531	3.2850058443400605	3.250208141385126	3.3906074058231992	3.1794042828569213	3.3198035472949945
9.8894472361809047	3.2712873277965446	3.2359142180201426	3.3774642961011514	3.1651103594919379	3.3066604375729467
9.9698492462311563	3.2575688112530288	3.2216202946551595	3.3643211863791027	3.1508164361269548	3.293517327850898
10.050251256281408	3.2438502947095129	3.2073263712901756	3.3511780766570545	3.1365225127619709	3.2803742181288498
10.130653266331658	3.2301317781659975	3.1930324479251926	3.3380349669350062	3.1222285893969879	3.2672311084068015
10.211055276381909	3.2164132616224812	3.1787385245602096	3.324891857212958	3.1079346660320049	3.2540879986847533
10.291457286432161	3.2026947450789658	3.1644446011952261	3.3117487474909098	3.0936407426670214	3.2409448889627051
10.371859296482413	3.1889762285354495	3.1501506778302426	3.2986056377688611	3.0793468193020379	3.2278017792406564
10.452261306532664	3.1752577119919341	3.1358567544652596	3.2854625280468133	3.0650528959370549	3.2146586695186086
10.532663316582914	3.1615391954484182	3.1215628311002765	3.272319418324765	3.0507589725720718	3.2015155597965603
10.613065326633166	3.1478206789049024	3.1072689077352926	3.2591763086027168	3.0364650492070879	3.1883724500745121
10.693467336683417	3.1341021623613865	3.0929749843703096	3.2460331988806681	3.0221711258421049	3.1752293403524634
10.773869346733669	3.1203836458178706	3.0786810610053261	3.2328900891586199	3.0078772024771214	3.1620862306304152
10.85427135678392	3.1066651292743548	3.0643871376403427	3.2197469794365716	2.993583279112138	3.1489431209083669
10.93467336683417	3.0929466127308389	3.0500932142753596	3.2066038697145234	2.9792893557471549	3.1358000111863187
11.015075376884422	3.0792280961873235	3.0357992909103761	3.1934607599924751	2.9649954323821714	3.1226569014642704
11.095477386934673	3.0655095796438072	3.0215053675453927	3.1803176502704265	2.950701509017188	3.1095137917422218
11.175879396984925	3.0517910631002918	3.0072114441804096	3.1671745405483787	2.9364075856522049	3.096370682020174
11.256281407035177	3.0380725465567755	2.9929175208154262	3.15403143082633	2.9221136622872215	3.0832275722981253
11.336683417085426	3.0243540300132601	2.9786235974504431	3.1408883211042822	2.9078197389222384	3.0700844625760775
11.417085427135678	3.0106355134697442	2.9643296740854597	3.1277452113822335	2.893525815557255	3.0569413528540288
11.49748743718593	2.9969169969262284	2.9500357507204762	3.1146021016601853	2.8792318921922715	3.0437982431319806
11.577889447236181	2.9831984803827125	2.9357418273554927	3.101458991938137	2.864937968827288	3.0306551334099323
11.658291457286433	2.9694799638391967	2.9214479039905097	3.0883158822160883	2.850644045462305	3.0175120236878836
11.738693467336683	2.9557614472956812	2.9071539806255262	3.0751727724940405	2.8363501220973215	3.0043689139658358
11.819095477386934	2.9420429307521654	2.8928600572605432	3.0620296627719918	2.8220561987323385	2.9912258042437871
11.899497487437186	2.9283244142086495	2.8785661338955597	3.048886553049944	2.807762275367355	2.9780826945217393
11.979899497487438	2.9146058976651337	2.8642722105305762	3.0357434433278954	2.7934683520023715	2.9649395847996907
12.060301507537689	2.9008873811216178	2.8499782871655928	3.0226003336058471	2.7791744286373881	2.9517964750776424
12.140703517587941	2.887168864578102	2.8356843638006093	3.0094572238837989	2.7648805052724046	2.9386533653555942
12.221105527638191	2.8734503480345861	2.8213904404356263	2.9963141141617506	2.7505865819074216	2.9255102556335459
12.301507537688442	2.8597318314910702	2.8070965170706432	2.9831710044397024	2.7362926585424385	2.9123671459114977
12.381909547738694	2.8460133149475544	2.7928025937056598	2.9700278947176542	2.7219987351774551	2.8992240361894495
12.462311557788945	2.8322947984040385	2.7785086703406763	2.9568847849956055	2.7077048118124716	2.8860809264674008
12.542713567839197	2.8185762818605227	2.7642147469756928	2.9437416752735572	2.6934108884474881	2.8729378167453525
12.623115577889447	2.8048577653170073	2.7499208236107098	2.930598565551509	2.6791169650825051	2.8597947070233043
12.703517587939698	2.7911392487734914	2.7356269002457263	2.9174554558294608	2.6648230417175216	2.8466515973012561
12.78391959798995	2.7774207322299755	2.7213329768807428	2.9043123461074125	2.6505291183525381	2.8335084875792078
12.864321608040202	2.7637022156864597	2.7070390535157598	2.8911692363853643	2.6362351949875551	2.8203653778571596
12.944723618090453	2.7499836991429438	2.6927451301507763	2.8780261266633156	2.6219412716225716	2.8072222681351109
13.025125628140703	2.736265182599428	2.6784512067857933	2.8648830169412678	2.6076473482575886	2.7940791584130631
13.105527638190955	2.7225466660559121	2.6641572834208098	2.8517399072192195	2.5933534248926051	2.7809360486910149
13.185929648241206	2.7088281495123963	2.6498633600558263	2.8385967974971709	2.5790595015276216	2.7677929389689662
13.266331658291458	2.6951096329688804	2.6355694366908429	2.8254536877751226	2.5647655781626382	2.7546498292469179
13.346733668341709	2.6813911164253645	2.6212755133258598	2.8123105780530744	2.5504716547976551	2.7415067195248697
13.427135678391959	2.6676725998818491	2.6069815899608764	2.7991674683310261	2.5361777314326717	2.7283636098028214
13.507537688442211	2.6539540833383333	2.5926876665958933	2.7860243586089779	2.5218838080676886	2.7152205000807732
13.587939698492463	2.6402355667948174	2.5783937432309099	2.7728812488869297	2.5075898847027052	2.702077390358725
13.668341708542714	2.6265170502513016	2.5640998198659264	2.759738139164881	2.4932959613377217	2.6889342806366763
13.748743718592966	2.6127985337077857	2.5498058965009429	2.7465950294428327	2.4790020379727382	2.675791170914628
13.829145728643216	2.5990800171642698	2.5355119731359599	2.7334519197207849	2.4647081146077552	2.6626480611925802
13.909547738693467	2.585361500620754	2.5212180497709764	2.7203088099987363	2.4504141912427717	2.6495049514705316
13.989949748743719	2.5716429840772381	2.5069241264059934	2.707165700276688	2.4361202678777887	2.6363618417484833
14.07035175879397	2.5579244675337223	2.4926302030410099	2.6940225905546398	2.4218263445128052	2.6232187320264351
14.150753768844222	2.5442059509902064	2.4783362796760264	2.6808794808325915	2.4075324211478217	2.6100756223043868
14.231155778894472	2.530487434446691	2.4640423563110434	2.6677363711105433	2.3932384977828387	2.5969325125823386
14.311557788944723	2.5167689179031751	2.4497484329460599	2.6545932613884951	2.3789445744178552	2.5837894028602904
14.391959798994975	2.5030504013596593	2.4354545095810765	2.6414501516664464	2.3646506510528718	2.5706462931382417
14.472361809045227	2.4893318848161434	2.421160586216093	2.6283070419443981	2.3503567276878883	2.5575031834161934
14.552763819095478	2.4756133682726276	2.40686666285111	2.6151639322223499	2.3360628043229053	2.5443600736941452
14.633165829145728	2.4618948517291117	2.3925727394861269	2.6020208225003016	2.3217688809579222	2.5312169639720969
14.71356783919598	2.4481763351855959	2.3782788161211434	2.5888777127782534	2.3074749575929387	2.5180738542500487
14.793969849246231	2.43445781864208	2.36398489275616	2.5757346030562052	2.2931810342279553	2.5049307445280005
14.874371859296483	2.4207393020985641	2.3496909693911765	2.5625914933341569	2.2788871108629718	2.4917876348059522
14.954773869346734	2.4070207855550483	2.335397046026193	2.5494483836121082	2.2645931874979883	2.4786445250839035
15.035175879396984	2.3933022690115329	2.32110312266121	2.5363052738900604	2.2502992641330053	2.4655014153618557
15.115577889447236	2.379583752468017	2.3068091992962265	2.5231621641680118	2.2360053407680218	2.4523583056398071
15.195979899497488	2.3658652359245012	2.2925152759312435	2.5100190544459635	2.2217114174030388	2.4392151959177588
15.276381909547739	2.3521467193809853	2.27822135256626	2.4968759447239153	2.2074174940380553	2.4260720861957106
15.356783919597991	2.3384282028374694	2.2639274292012765	2.483732835001867	2.1931235706730718	2.4129289764736623
15.437185929648241	2.324709686293954	2.2496335058362935	2.4705897252798188	2.1788296473080888	2.3997858667516141
15.517587939698492	2.3109911697504377	2.23533958247131	2.4574466155577706	2.1645357239431053	2.3866427570295659
15.597989949748744	2.2972726532069219	2.2210456591063266	2.4443035058357223	2.1502418005781219	2.3734996473075176
15.678391959798995	2.283554136663406	2.2067517357413431	2.4311603961136736	2.1359478772131384	2.3603565375854689
15.758793969849247	2.2698356201198902	2.1924578123763601	2.4180172863916254	2.1216539538481554	2.3472134278634207
15.839195979899499	2.2561171035763743	2.1781638890113766	2.4048741766695771	2.1073600304831719	2.3340703181413724
15.919597989949748	2.2423985870328589	2.1638699656463936	2.3917310669475289	2.0930661071181889	2.3209272084193242
16	2.228680070489343	2.1495760422814101	2.3785879572254807	2.0787721837532054	2.307784098697276
