0.000000000000E+000 1.000000000000E+000
3.143164235708E-002 1.000000000000E+000
6.286328471415E-002 1.000000000000E+000
9.429492707123E-002 1.000000000000E+000
1.257265694283E-001 1.000000000000E+000
1.571582117854E-001 1.000000000000E+000
1.885898541425E-001 1.000000000000E+000
2.200214964995E-001 1.000000000000E+000
2.514531388566E-001 1.000000000000E+000
2.828847812137E-001 1.000000000000E+000
3.143164235708E-001 1.000000000000E+000
3.457480659278E-001 1.000000000000E+000
3.771797082849E-001 1.000000000000E+000
4.086113506420E-001 1.000000000000E+000
4.400429929991E-001 1.000000000000E+000
4.714746353561E-001 1.000000000000E+000
5.029062777132E-001 1.000000000000E+000
5.343379200703E-001 1.000000000000E+000
5.657695624274E-001 1.000000000000E+000
5.972012047845E-001 1.000000000000E+000
6.286328471415E-001 1.000000000000E+000
6.600644894986E-001 1.000000000000E+000
6.914961318557E-001 1.000000000000E+000
7.229277742128E-001 1.000000000000E+000
7.543594165698E-001 1.000000000000E+000
7.857910589269E-001 1.000000000000E+000
8.172227012840E-001 1.000000000000E+000
8.486543436411E-001 1.000000000000E+000
8.800859859981E-001 1.000000000000E+000
9.115176283552E-001 1.000000000000E+000
9.429492707123E-001 1.000000000000E+000
9.743809130694E-001 1.000000000000E+000
1.005812555426E+000 1.000000000000E+000
1.037244197784E+000 1.000000000000E+000
1.068675840141E+000 1.000000000000E+000
1.100107482498E+000 1.000000000000E+000
1.131539124855E+000 1.000000000000E+000
1.162970767212E+000 1.000000000000E+000
1.194402409569E+000 1.000000000000E+000
1.225834051926E+000 1.000000000000E+000
1.257265694283E+000 1.000000000000E+000
1.288697336640E+000 1.000000000000E+000
1.320128978997E+000 1.000000000000E+000
1.351560621354E+000 1.000000000000E+000
1.382992263711E+000 1.000000000000E+000
1.414423906068E+000 1.000000000000E+000
1.445855548426E+000 1.000000000000E+000
1.477287190783E+000 1.000000000000E+000
1.508718833140E+000 1.000000000000E+000
1.540150475497E+000 1.000000000000E+000
1.571582117854E+000 1.000000000000E+000
1.603013760211E+000 1.000000000000E+000
1.634445402568E+000 1.000000000000E+000
1.665877044925E+000 1.000000000000E+000
1.697308687282E+000 1.000000000000E+000
1.728740329639E+000 1.000000000000E+000
1.760171971996E+000 1.000000000000E+000
1.791603614353E+000 1.000000000000E+000
1.823035256710E+000 1.000000000000E+000
1.854466899068E+000 1.000000000000E+000
1.885898541425E+000 1.000000000000E+000
1.917330183782E+000 1.000000000000E+000
1.948761826139E+000 1.000000000000E+000
1.980193468496E+000 1.000000000000E+000
2.011625110853E+000 1.000000000000E+000
2.043056753210E+000 1.000000000000E+000
2.074488395567E+000 1.000000000000E+000
2.105920037924E+000 1.000000000000E+000
2.137351680281E+000 1.000000000000E+000
2.168783322638E+000 1.000000000000E+000
2.200214964995E+000 1.000000000000E+000
2.231646607352E+000 1.000000000000E+000
2.263078249710E+000 1.000000000000E+000
2.294509892067E+000 1.000000000000E+000
2.325941534424E+000 1.000000000000E+000
2.357373176781E+000 1.000000000000E+000
2.388804819138E+000 1.000000000000E+000
2.420236461495E+000 1.000000000000E+000
2.451668103852E+000 1.000000000000E+000
2.483099746209E+000 1.000000000000E+000
2.514531388566E+000 1.000000000000E+000
2.545963030923E+000 1.000000000000E+000
2.577394673280E+000 1.000000000000E+000
2.608826315637E+000 1.000000000000E+000
2.640257957994E+000 1.000000000000E+000
2.671689600352E+000 1.000000000000E+000
2.703121242709E+000 1.000000000000E+000
2.734552885066E+000 1.000000000000E+000
2.765984527423E+000 1.000000000000E+000
2.797416169780E+000 1.000000000000E+000
2.828847812137E+000 1.000000000000E+000
2.860279454494E+000 1.000000000000E+000
2.891711096851E+000 1.000000000000E+000
2.923142739208E+000 1.000000000000E+000
2.954574381565E+000 1.000000000000E+000
2.986006023922E+000 1.000000000000E+000
3.017437666279E+000 1.000000000000E+000
3.048869308636E+000 1.000000000000E+000
3.080300950993E+000 1.000000000000E+000
3.111732593351E+000 1.000000000000E+000
3.143164235708E+000 1.000000000000E+000
3.174595878065E+000 1.000000000000E+000
3.206027520422E+000 1.000000000000E+000
3.237459162779E+000 1.000000000000E+000
3.268890805136E+000 1.000000000000E+000
3.300322447493E+000 1.000000000000E+000
3.331754089850E+000 1.000000000000E+000
3.363185732207E+000 1.000000000000E+000
3.394617374564E+000 1.000000000000E+000
3.426049016921E+000 1.000000000000E+000
3.457480659278E+000 1.000000000000E+000
3.488912301635E+000 1.000000000000E+000
3.520343943993E+000 1.000000000000E+000
3.551775586350E+000 1.000000000000E+000
3.583207228707E+000 1.000000000000E+000
3.614638871064E+000 1.000000000000E+000
3.646070513421E+000 1.000000000000E+000
3.677502155778E+000 1.000000000000E+000
3.708933798135E+000 1.000000000000E+000
3.740365440492E+000 1.000000000000E+000
3.771797082849E+000 1.000000000000E+000
3.803228725206E+000 1.000000000000E+000
3.834660367563E+000 1.000000000000E+000
3.866092009920E+000 1.000000000000E+000
3.897523652277E+000 1.000000000000E+000
3.928955294635E+000 1.000000000000E+000
3.960386936992E+000 1.000000000000E+000
3.991818579349E+000 1.000000000000E+000
4.023250221706E+000 1.000000000000E+000
4.054681864063E+000 1.000000000000E+000
4.086113506420E+000 1.000000000000E+000
4.117545148777E+000 1.000000000000E+000
4.148976791134E+000 1.000000000000E+000
4.180408433491E+000 1.000000000000E+000
4.211840075848E+000 1.000000000000E+000
4.243271718205E+000 1.000000000000E+000
4.274703360562E+000 1.000000000000E+000
4.306135002919E+000 1.000000000000E+000
4.337566645277E+000 1.000000000000E+000
4.368998287634E+000 1.000000000000E+000
4.400429929991E+000 1.000000000000E+000
4.431861572348E+000 1.000000000000E+000
4.463293214705E+000 1.000000000000E+000
4.494724857062E+000 1.000000000000E+000
4.526156499419E+000 1.000000000000E+000
4.557588141776E+000 1.000000000000E+000
4.589019784133E+000 1.000000000000E+000
4.620451426490E+000 1.000000000000E+000
4.651883068847E+000 1.000000000000E+000
4.683314711204E+000 1.000000000000E+000
4.714746353561E+000 1.000000000000E+000
4.746177995919E+000 1.000000000000E+000
4.777609638276E+000 1.000000000000E+000
4.809041280633E+000 1.000000000000E+000
4.840472922990E+000 1.000000000000E+000
4.871904565347E+000 1.000000000000E+000
4.903336207704E+000 1.000000000000E+000
4.934767850061E+000 1.000000000000E+000
4.966199492418E+000 1.000000000000E+000
4.997631134775E+000 1.000000000000E+000
5.029062777132E+000 1.000000000000E+000
5.060494419489E+000 1.000000000000E+000
5.091926061846E+000 1.000000000000E+000
5.123357704203E+000 1.000000000000E+000
5.154789346561E+000 1.000000000000E+000
5.186220988918E+000 1.000000000000E+000
5.217652631275E+000 1.000000000000E+000
5.249084273632E+000 1.000000000000E+000
5.280515915989E+000 1.000000000000E+000
5.311947558346E+000 1.000000000000E+000
5.343379200703E+000 1.000000000000E+000
5.374810843060E+000 1.000000000000E+000
5.406242485417E+000 1.000000000000E+000
5.437674127774E+000 1.000000000000E+000
5.469105770131E+000 1.000000000000E+000
5.500537412488E+000 1.000000000000E+000
5.531969054845E+000 1.000000000000E+000
5.563400697203E+000 1.000000000000E+000
5.594832339560E+000 1.000000000000E+000
5.626263981917E+000 1.000000000000E+000
5.657695624274E+000 1.000000000000E+000
5.689127266631E+000 1.000000000000E+000
5.720558908988E+000 1.000000000000E+000
5.751990551345E+000 1.000000000000E+000
5.783422193702E+000 1.000000000000E+000
5.814853836059E+000 1.000000000000E+000
5.846285478416E+000 1.000000000000E+000
5.877717120773E+000 1.000000000000E+000
5.909148763130E+000 1.000000000000E+000
5.940580405487E+000 1.000000000000E+000
5.972012047845E+000 1.000000000000E+000
6.003443690202E+000 1.000000000000E+000
6.034875332559E+000 1.000000000000E+000
6.066306974916E+000 1.000000000000E+000
6.097738617273E+000 1.000000000000E+000
6.129170259630E+000 1.000000000000E+000
6.160601901987E+000 1.000000000000E+000
6.192033544344E+000 1.000000000000E+000
6.223465186701E+000 1.000000000000E+000
6.254896829058E+000 1.000000000000E+000
6.286328471415E+000 1.000000000000E+000
6.317760113772E+000 1.000000000000E+000
6.349191756129E+000 1.000000000000E+000
6.380623398487E+000 1.000000000000E+000
6.412055040844E+000 1.000000000000E+000
6.443486683201E+000 1.000000000000E+000
6.474918325558E+000 1.000000000000E+000
6.506349967915E+000 1.000000000000E+000
6.537781610272E+000 1.000000000000E+000
6.569213252629E+000 1.000000000000E+000
6.600644894986E+000 1.000000000000E+000
6.632076537343E+000 1.000000000000E+000
6.663508179700E+000 1.000000000000E+000
6.694939822057E+000 1.000000000000E+000
6.726371464414E+000 1.000000000000E+000
6.757803106771E+000 1.000000000000E+000
6.789234749129E+000 1.000000000000E+000
6.820666391486E+000 1.000000000000E+000
6.852098033843E+000 1.000000000000E+000
6.883529676200E+000 1.000000000000E+000
6.914961318557E+000 1.000000000000E+000
6.946392960914E+000 1.000000000000E+000
6.977824603271E+000 1.000000000000E+000
7.009256245628E+000 1.000000000000E+000
7.040687887985E+000 1.000000000000E+000
7.072119530342E+000 1.000000000000E+000
7.103551172699E+000 1.000000000000E+000
7.134982815056E+000 1.000000000000E+000
7.166414457413E+000 1.000000000000E+000
7.197846099771E+000 1.000000000000E+000
7.229277742128E+000 1.000000000000E+000
7.260709384485E+000 1.000000000000E+000
7.292141026842E+000 1.000000000000E+000
7.323572669199E+000 1.000000000000E+000
7.355004311556E+000 1.000000000000E+000
7.386435953913E+000 1.000000000000E+000
7.417867596270E+000 1.000000000000E+000
7.449299238627E+000 1.000000000000E+000
7.480730880984E+000 1.000000000000E+000
7.512162523341E+000 1.000000000000E+000
7.543594165698E+000 1.000000000000E+000
7.575025808055E+000 1.000000000000E+000
7.606457450413E+000 1.000000000000E+000
7.637889092770E+000 1.000000000000E+000
7.669320735127E+000 1.000000000000E+000
7.700752377484E+000 1.000000000000E+000
7.732184019841E+000 1.000000000000E+000
7.763615662198E+000 1.000000000000E+000
7.795047304555E+000 1.000000000000E+000
7.826478946912E+000 1.000000000000E+000
7.857910589269E+000 1.000000000000E+000
7.889342231626E+000 1.000000000000E+000
7.920773873983E+000 1.000000000000E+000
7.952205516340E+000 1.000000000000E+000
7.983637158697E+000 1.000000000000E+000
8.015068801055E+000 1.000000000000E+000
8.046500443412E+000 1.000000000000E+000
8.077932085769E+000 1.000000000000E+000
8.109363728126E+000 1.000000000000E+000
8.140795370483E+000 1.000000000000E+000
8.172227012840E+000 1.000000000000E+000
8.203658655197E+000 1.000000000000E+000
8.235090297554E+000 1.000000000000E+000
8.266521939911E+000 1.000000000000E+000
8.297953582268E+000 1.000000000000E+000
8.329385224625E+000 1.000000000000E+000
8.360816866982E+000 1.000000000000E+000
8.392248509339E+000 1.000000000000E+000
8.423680151696E+000 1.000000000000E+000
8.455111794054E+000 1.000000000000E+000
8.486543436411E+000 1.000000000000E+000
8.517975078768E+000 1.000000000000E+000
8.549406721125E+000 1.000000000000E+000
8.580838363482E+000 1.000000000000E+000
8.612270005839E+000 1.000000000000E+000
8.643701648196E+000 1.000000000000E+000
8.675133290553E+000 1.000000000000E+000
8.706564932910E+000 1.000000000000E+000
8.737996575267E+000 1.000000000000E+000
8.769428217624E+000 1.000000000000E+000
8.800859859981E+000 1.000000000000E+000
8.832291502338E+000 1.000000000000E+000
8.863723144696E+000 1.000000000000E+000
8.895154787053E+000 1.000000000000E+000
8.926586429410E+000 1.000000000000E+000
8.958018071767E+000 1.000000000000E+000
8.989449714124E+000 1.000000000000E+000
9.020881356481E+000 1.000000000000E+000
9.052312998838E+000 1.000000000000E+000
9.083744641195E+000 1.000000000000E+000
9.115176283552E+000 1.000000000000E+000
9.146607925909E+000 1.000000000000E+000
9.178039568266E+000 1.000000000000E+000
9.209471210623E+000 1.000000000000E+000
9.240902852980E+000 1.000000000000E+000
9.272334495338E+000 1.000000000000E+000
9.303766137695E+000 1.000000000000E+000
9.335197780052E+000 1.000000000000E+000
9.366629422409E+000 1.000000000000E+000
9.398061064766E+000 1.000000000000E+000
9.429492707123E+000 1.000000000000E+000
9.460924349480E+000 1.000000000000E+000
9.492355991837E+000 1.000000000000E+000
9.523787634194E+000 1.000000000000E+000
9.555219276551E+000 1.000000000000E+000
9.586650918908E+000 1.000000000000E+000
9.618082561265E+000 1.000000000000E+000
9.649514203622E+000 1.000000000000E+000
9.680945845980E+000 1.000000000000E+000
9.712377488337E+000 1.000000000000E+000
9.743809130694E+000 1.000000000000E+000
9.775240773051E+000 1.000000000000E+000
9.806672415408E+000 1.000000000000E+000
9.838104057765E+000 1.000000000000E+000
9.869535700122E+000 1.000000000000E+000
9.900967342479E+000 1.000000000000E+000
9.932398984836E+000 1.000000000000E+000
9.963830627193E+000 1.000000000000E+000
9.995262269550E+000 1.000000000000E+000
1.002669391191E+001 1.000000000000E+000
1.005812555426E+001 1.000000000000E+000
1.008955719662E+001 1.000000000000E+000
1.012098883898E+001 1.000000000000E+000
1.015242048134E+001 1.000000000000E+000
1.018385212369E+001 1.000000000000E+000
1.021528376605E+001 1.000000000000E+000
1.024671540841E+001 1.000000000000E+000
1.027814705076E+001 1.000000000000E+000
1.030957869312E+001 1.000000000000E+000
1.034101033548E+001 1.000000000000E+000
1.037244197784E+001 1.000000000000E+000
1.040387362019E+001 1.000000000000E+000
1.043530526255E+001 1.000000000000E+000
1.046673690491E+001 1.000000000000E+000
1.049816854726E+001 1.000000000000E+000
1.052960018962E+001 1.000000000000E+000
1.056103183198E+001 1.000000000000E+000
1.059246347433E+001 1.000000000000E+000
1.062389511669E+001 1.000000000000E+000
1.065532675905E+001 1.000000000000E+000
1.068675840141E+001 1.000000000000E+000
1.071819004376E+001 1.000000000000E+000
1.074962168612E+001 1.000000000000E+000
1.078105332848E+001 1.000000000000E+000
1.081248497083E+001 1.000000000000E+000
1.084391661319E+001 1.000000000000E+000
1.087534825555E+001 1.000000000000E+000
1.090677989791E+001 1.000000000000E+000
1.093821154026E+001 1.000000000000E+000
1.096964318262E+001 1.000000000000E+000
1.100107482498E+001 1.000000000000E+000
1.103250646733E+001 1.000000000000E+000
1.106393810969E+001 1.000000000000E+000
1.109536975205E+001 1.000000000000E+000
1.112680139441E+001 1.000000000000E+000
1.115823303676E+001 1.000000000000E+000
1.118966467912E+001 1.000000000000E+000
1.122109632148E+001 1.000000000000E+000
1.125252796383E+001 1.000000000000E+000
1.128395960619E+001 1.000000000000E+000
1.131539124855E+001 1.000000000000E+000
1.134682289090E+001 1.000000000000E+000
1.137825453326E+001 1.000000000000E+000
1.140968617562E+001 1.000000000000E+000
1.144111781798E+001 1.000000000000E+000
1.147254946033E+001 1.000000000000E+000
1.150398110269E+001 1.000000000000E+000
1.153541274505E+001 1.000000000000E+000
1.156684438740E+001 1.000000000000E+000
1.159827602976E+001 1.000000000000E+000
1.162970767212E+001 1.000000000000E+000
1.166113931448E+001 1.000000000000E+000
1.169257095683E+001 1.000000000000E+000
1.172400259919E+001 1.000000000000E+000
1.175543424155E+001 1.000000000000E+000
1.178686588390E+001 1.000000000000E+000
1.181829752626E+001 1.000000000000E+000
1.184972916862E+001 1.000000000000E+000
1.188116081097E+001 1.000000000000E+000
1.191259245333E+001 1.000000000000E+000
1.194402409569E+001 1.000000000000E+000
1.197545573805E+001 1.000000000000E+000
1.200688738040E+001 1.000000000000E+000
1.203831902276E+001 1.000000000000E+000
1.206975066512E+001 1.000000000000E+000
1.210118230747E+001 1.000000000000E+000
1.213261394983E+001 1.000000000000E+000
1.216404559219E+001 1.000000000000E+000
1.219547723455E+001 1.000000000000E+000
1.222690887690E+001 1.000000000000E+000
1.225834051926E+001 1.000000000000E+000
1.228977216162E+001 1.000000000000E+000
1.232120380397E+001 1.000000000000E+000
1.235263544633E+001 1.000000000000E+000
1.238406708869E+001 1.000000000000E+000
1.241549873105E+001 1.000000000000E+000
1.244693037340E+001 1.000000000000E+000
1.247836201576E+001 1.000000000000E+000
1.250979365812E+001 1.000000000000E+000
1.254122530047E+001 1.000000000000E+000
1.257265694283E+001 1.000000000000E+000
1.260408858519E+001 1.000000000000E+000
1.263552022754E+001 1.000000000000E+000
1.266695186990E+001 1.000000000000E+000
1.269838351226E+001 1.000000000000E+000
1.272981515462E+001 1.000000000000E+000
1.276124679697E+001 1.000000000000E+000
1.279267843933E+001 1.000000000000E+000
1.282411008169E+001 1.000000000000E+000
1.285554172404E+001 1.000000000000E+000
1.288697336640E+001 1.000000000000E+000
1.291840500876E+001 1.000000000000E+000
1.294983665112E+001 1.000000000000E+000
1.298126829347E+001 1.000000000000E+000
1.301269993583E+001 1.000000000000E+000
1.304413157819E+001 1.000000000000E+000
1.307556322054E+001 1.000000000000E+000
1.310699486290E+001 1.000000000000E+000
1.313842650526E+001 1.000000000000E+000
1.316985814762E+001 1.000000000000E+000
1.320128978997E+001 1.000000000000E+000
1.323272143233E+001 1.000000000000E+000
1.326415307469E+001 1.000000000000E+000
1.329558471704E+001 1.000000000000E+000
1.332701635940E+001 1.000000000000E+000
1.335844800176E+001 1.000000000000E+000
1.338987964411E+001 1.000000000000E+000
1.342131128647E+001 1.000000000000E+000
1.345274292883E+001 1.000000000000E+000
1.348417457119E+001 1.000000000000E+000
1.351560621354E+001 1.000000000000E+000
1.354703785590E+001 1.000000000000E+000
1.357846949826E+001 1.000000000000E+000
1.360990114061E+001 1.000000000000E+000
1.364133278297E+001 1.000000000000E+000
1.367276442533E+001 1.000000000000E+000
1.370419606769E+001 1.000000000000E+000
1.373562771004E+001 1.000000000000E+000
1.376705935240E+001 1.000000000000E+000
1.379849099476E+001 1.000000000000E+000
1.382992263711E+001 1.000000000000E+000
1.386135427947E+001 1.000000000000E+000
1.389278592183E+001 1.000000000000E+000
1.392421756418E+001 1.000000000000E+000
1.395564920654E+001 1.000000000000E+000
1.398708084890E+001 1.000000000000E+000
1.401851249126E+001 1.000000000000E+000
1.404994413361E+001 1.000000000000E+000
1.408137577597E+001 1.000000000000E+000
1.411280741833E+001 1.000000000000E+000
1.414423906068E+001 1.000000000000E+000
1.417567070304E+001 1.000000000000E+000
1.420710234540E+001 1.000000000000E+000
1.423853398776E+001 1.000000000000E+000
1.426996563011E+001 1.000000000000E+000
1.430139727247E+001 1.000000000000E+000
1.433282891483E+001 1.000000000000E+000
1.436426055718E+001 1.000000000000E+000
1.439569219954E+001 1.000000000000E+000
1.442712384190E+001 1.000000000000E+000
1.445855548426E+001 1.000000000000E+000
1.448998712661E+001 1.000000000000E+000
1.452141876897E+001 1.000000000000E+000
1.455285041133E+001 1.000000000000E+000
1.458428205368E+001 1.000000000000E+000
1.461571369604E+001 1.000000000000E+000
1.464714533840E+001 1.000000000000E+000
1.467857698075E+001 1.000000000000E+000
1.471000862311E+001 1.000000000000E+000
1.474144026547E+001 1.000000000000E+000
1.477287190783E+001 1.000000000000E+000
1.480430355018E+001 1.000000000000E+000
1.483573519254E+001 1.000000000000E+000
1.486716683490E+001 1.000000000000E+000
1.489859847725E+001 1.000000000000E+000
1.493003011961E+001 1.000000000000E+000
1.496146176197E+001 1.000000000000E+000
1.499289340433E+001 1.000000000000E+000
1.502432504668E+001 1.000000000000E+000
1.505575668904E+001 1.000000000000E+000
1.508718833140E+001 1.000000000000E+000
1.511861997375E+001 1.000000000000E+000
1.515005161611E+001 1.000000000000E+000
1.518148325847E+001 1.000000000000E+000
1.521291490083E+001 1.000000000000E+000
1.524434654318E+001 1.000000000000E+000
1.527577818554E+001 1.000000000000E+000
1.530720982790E+001 1.000000000000E+000
1.533864147025E+001 1.000000000000E+000
1.537007311261E+001 1.000000000000E+000
1.540150475497E+001 1.000000000000E+000
1.543293639732E+001 1.000000000000E+000
1.546436803968E+001 1.000000000000E+000
1.549579968204E+001 1.000000000000E+000
1.552723132440E+001 1.000000000000E+000
1.555866296675E+001 1.000000000000E+000
1.559009460911E+001 1.000000000000E+000
1.562152625147E+001 1.000000000000E+000
1.565295789382E+001 1.000000000000E+000
1.568438953618E+001 1.000000000000E+000
1.571582117854E+001 1.000000000000E+000
1.574725282090E+001 1.000000000000E+000
1.577868446325E+001 1.000000000000E+000
1.581011610561E+001 1.000000000000E+000
1.584154774797E+001 1.000000000000E+000
1.587297939032E+001 1.000000000000E+000
1.590441103268E+001 1.000000000000E+000
1.593584267504E+001 1.000000000000E+000
1.596727431739E+001 1.000000000000E+000
1.599870595975E+001 1.000000000000E+000
1.603013760211E+001 1.000000000000E+000
1.606156924447E+001 1.000000000000E+000
1.609300088682E+001 1.000000000000E+000
1.612443252918E+001 1.000000000000E+000
1.615586417154E+001 1.000000000000E+000
1.618729581389E+001 1.000000000000E+000
1.621872745625E+001 1.000000000000E+000
1.625015909861E+001 1.000000000000E+000
1.628159074097E+001 1.000000000000E+000
1.631302238332E+001 1.000000000000E+000
1.634445402568E+001 1.000000000000E+000
1.637588566804E+001 1.000000000000E+000
1.640731731039E+001 1.000000000000E+000
1.643874895275E+001 1.000000000000E+000
1.647018059511E+001 1.000000000000E+000
1.650161223747E+001 1.000000000000E+000
1.653304387982E+001 1.000000000000E+000
1.656447552218E+001 1.000000000000E+000
1.659590716454E+001 1.000000000000E+000
1.662733880689E+001 1.000000000000E+000
1.665877044925E+001 1.000000000000E+000
1.669020209161E+001 1.000000000000E+000
1.672163373396E+001 1.000000000000E+000
1.675306537632E+001 1.000000000000E+000
1.678449701868E+001 1.000000000000E+000
1.681592866104E+001 1.000000000000E+000
1.684736030339E+001 1.000000000000E+000
1.687879194575E+001 1.000000000000E+000
1.691022358811E+001 1.000000000000E+000
1.694165523046E+001 1.000000000000E+000
1.697308687282E+001 1.000000000000E+000
1.700451851518E+001 1.000000000000E+000
1.703595015754E+001 1.000000000000E+000
1.706738179989E+001 1.000000000000E+000
1.709881344225E+001 1.000000000000E+000
1.713024508461E+001 1.000000000000E+000
1.716167672696E+001 1.000000000000E+000
1.719310836932E+001 1.000000000000E+000
1.722454001168E+001 1.000000000000E+000
1.725597165404E+001 1.000000000000E+000
1.728740329639E+001 1.000000000000E+000
1.731883493875E+001 1.000000000000E+000
1.735026658111E+001 1.000000000000E+000
1.738169822346E+001 1.000000000000E+000
1.741312986582E+001 1.000000000000E+000
1.744456150818E+001 1.000000000000E+000
1.747599315053E+001 1.000000000000E+000
1.750742479289E+001 1.000000000000E+000
1.753885643525E+001 1.000000000000E+000
1.757028807761E+001 1.000000000000E+000
1.760171971996E+001 1.000000000000E+000
1.763315136232E+001 1.000000000000E+000
1.766458300468E+001 1.000000000000E+000
1.769601464703E+001 1.000000000000E+000
1.772744628939E+001 1.000000000000E+000
1.775887793175E+001 1.000000000000E+000
1.779030957411E+001 1.000000000000E+000
1.782174121646E+001 1.000000000000E+000
1.785317285882E+001 1.000000000000E+000
1.788460450118E+001 1.000000000000E+000
1.791603614353E+001 1.000000000000E+000
1.794746778589E+001 1.000000000000E+000
1.797889942825E+001 1.000000000000E+000
1.801033107060E+001 1.000000000000E+000
1.804176271296E+001 1.000000000000E+000
1.807319435532E+001 1.000000000000E+000
1.810462599768E+001 1.000000000000E+000
1.813605764003E+001 1.000000000000E+000
1.816748928239E+001 1.000000000000E+000
1.819892092475E+001 1.000000000000E+000
1.823035256710E+001 1.000000000000E+000
1.826178420946E+001 1.000000000000E+000
1.829321585182E+001 1.000000000000E+000
1.832464749418E+001 1.000000000000E+000
1.835607913653E+001 1.000000000000E+000
1.838751077889E+001 1.000000000000E+000
1.841894242125E+001 1.000000000000E+000
1.845037406360E+001 1.000000000000E+000
1.848180570596E+001 1.000000000000E+000
1.851323734832E+001 1.000000000000E+000
1.854466899068E+001 1.000000000000E+000
1.857610063303E+001 1.000000000000E+000
1.860753227539E+001 1.000000000000E+000
1.863896391775E+001 1.000000000000E+000
1.867039556010E+001 1.000000000000E+000
1.870182720246E+001 1.000000000000E+000
1.873325884482E+001 1.000000000000E+000
1.876469048717E+001 1.000000000000E+000
1.879612212953E+001 1.000000000000E+000
1.882755377189E+001 1.000000000000E+000
1.885898541425E+001 1.000000000000E+000
1.889041705660E+001 1.000000000000E+000
1.892184869896E+001 1.000000000000E+000
1.895328034132E+001 1.000000000000E+000
1.898471198367E+001 1.000000000000E+000
1.901614362603E+001 1.000000000000E+000
1.904757526839E+001 1.000000000000E+000
1.907900691075E+001 1.000000000000E+000
1.911043855310E+001 1.000000000000E+000
1.914187019546E+001 1.000000000000E+000
1.917330183782E+001 1.000000000000E+000
1.920473348017E+001 1.000000000000E+000
1.923616512253E+001 1.000000000000E+000
1.926759676489E+001 1.000000000000E+000
1.929902840725E+001 1.000000000000E+000
1.933046004960E+001 1.000000000000E+000
1.936189169196E+001 1.000000000000E+000
1.939332333432E+001 1.000000000000E+000
1.942475497667E+001 1.000000000000E+000
1.945618661903E+001 1.000000000000E+000
1.948761826139E+001 1.000000000000E+000
1.951904990374E+001 1.000000000000E+000
1.955048154610E+001 1.000000000000E+000
1.958191318846E+001 1.000000000000E+000
1.961334483082E+001 1.000000000000E+000
1.964477647317E+001 1.000000000000E+000
1.967620811553E+001 1.000000000000E+000
1.970763975789E+001 1.000000000000E+000
1.973907140024E+001 1.000000000000E+000
1.977050304260E+001 1.000000000000E+000
1.980193468496E+001 1.000000000000E+000
1.983336632732E+001 1.000000000000E+000
1.986479796967E+001 1.000000000000E+000
1.989622961203E+001 1.000000000000E+000
1.992766125439E+001 1.000000000000E+000
1.995909289674E+001 1.000000000000E+000
1.999052453910E+001 1.000000000000E+000
2.002195618146E+001 1.000000000000E+000
2.005338782381E+001 1.000000000000E+000
2.008481946617E+001 1.000000000000E+000
2.011625110853E+001 1.000000000000E+000
2.014768275089E+001 1.000000000000E+000
2.017911439324E+001 1.000000000000E+000
2.021054603560E+001 1.000000000000E+000
2.024197767796E+001 1.000000000000E+000
2.027340932031E+001 1.000000000000E+000
2.030484096267E+001 1.000000000000E+000
2.033627260503E+001 1.000000000000E+000
2.036770424739E+001 1.000000000000E+000
2.039913588974E+001 1.000000000000E+000
2.043056753210E+001 1.000000000000E+000
2.046199917446E+001 1.000000000000E+000
2.049343081681E+001 1.000000000000E+000
2.052486245917E+001 1.000000000000E+000
2.055629410153E+001 1.000000000000E+000
2.058772574389E+001 1.000000000000E+000
2.061915738624E+001 1.000000000000E+000
2.065058902860E+001 1.000000000000E+000
2.068202067096E+001 1.000000000000E+000
2.071345231331E+001 1.000000000000E+000
2.074488395567E+001 1.000000000000E+000
2.077631559803E+001 1.000000000000E+000
2.080774724038E+001 1.000000000000E+000
2.083917888274E+001 1.000000000000E+000
2.087061052510E+001 1.000000000000E+000
2.090204216746E+001 1.000000000000E+000
2.093347380981E+001 1.000000000000E+000
2.096490545217E+001 1.000000000000E+000
2.099633709453E+001 1.000000000000E+000
2.102776873688E+001 1.000000000000E+000
2.105920037924E+001 1.000000000000E+000
2.109063202160E+001 1.000000000000E+000
2.112206366396E+001 1.000000000000E+000
2.115349530631E+001 1.000000000000E+000
2.118492694867E+001 1.000000000000E+000
2.121635859103E+001 1.000000000000E+000
2.124779023338E+001 1.000000000000E+000
2.127922187574E+001 1.000000000000E+000
2.131065351810E+001 1.000000000000E+000
2.134208516045E+001 1.000000000000E+000
2.137351680281E+001 1.000000000000E+000
2.140494844517E+001 1.000000000000E+000
2.143638008753E+001 1.000000000000E+000
2.146781172988E+001 1.000000000000E+000
2.149924337224E+001 1.000000000000E+000
2.153067501460E+001 1.000000000000E+000
2.156210665695E+001 1.000000000000E+000
2.159353829931E+001 1.000000000000E+000
2.162496994167E+001 1.000000000000E+000
2.165640158403E+001 1.000000000000E+000
2.168783322638E+001 1.000000000000E+000
2.171926486874E+001 1.000000000000E+000
2.175069651110E+001 1.000000000000E+000
2.178212815345E+001 1.000000000000E+000
2.181355979581E+001 1.000000000000E+000
2.184499143817E+001 1.000000000000E+000
2.187642308053E+001 1.000000000000E+000
2.190785472288E+001 1.000000000000E+000
2.193928636524E+001 1.000000000000E+000
2.197071800760E+001 1.000000000000E+000
2.200214964995E+001 1.000000000000E+000
2.203358129231E+001 1.000000000000E+000
2.206501293467E+001 1.000000000000E+000
2.209644457702E+001 1.000000000000E+000
2.212787621938E+001 1.000000000000E+000
2.215930786174E+001 1.000000000000E+000
2.219073950410E+001 1.000000000000E+000
2.222217114645E+001 1.000000000000E+000
2.225360278881E+001 1.000000000000E+000
2.228503443117E+001 1.000000000000E+000
2.231646607352E+001 1.000000000000E+000
2.234789771588E+001 1.000000000000E+000
2.237932935824E+001 1.000000000000E+000
2.241076100060E+001 1.000000000000E+000
2.244219264295E+001 1.000000000000E+000
2.247362428531E+001 1.000000000000E+000
2.250505592767E+001 1.000000000000E+000
2.253648757002E+001 1.000000000000E+000
2.256791921238E+001 1.000000000000E+000
2.259935085474E+001 1.000000000000E+000
2.263078249710E+001 1.000000000000E+000
2.266221413945E+001 1.000000000000E+000
2.269364578181E+001 1.000000000000E+000
2.272507742417E+001 1.000000000000E+000
2.275650906652E+001 1.000000000000E+000
2.278794070888E+001 1.000000000000E+000
2.281937235124E+001 1.000000000000E+000
2.285080399359E+001 1.000000000000E+000
2.288223563595E+001 1.000000000000E+000
2.291366727831E+001 1.000000000000E+000
2.294509892067E+001 1.000000000000E+000
2.297653056302E+001 1.000000000000E+000
2.300796220538E+001 1.000000000000E+000
2.303939384774E+001 1.000000000000E+000
2.307082549009E+001 1.000000000000E+000
2.310225713245E+001 1.000000000000E+000
2.313368877481E+001 1.000000000000E+000
2.316512041717E+001 1.000000000000E+000
2.319655205952E+001 1.000000000000E+000
2.322798370188E+001 1.000000000000E+000
2.325941534424E+001 1.000000000000E+000
2.329084698659E+001 1.000000000000E+000
2.332227862895E+001 1.000000000000E+000
2.335371027131E+001 1.000000000000E+000
2.338514191366E+001 1.000000000000E+000
2.341657355602E+001 1.000000000000E+000
2.344800519838E+001 1.000000000000E+000
2.347943684074E+001 1.000000000000E+000
2.351086848309E+001 1.000000000000E+000
2.354230012545E+001 1.000000000000E+000
2.357373176781E+001 1.000000000000E+000
2.360516341016E+001 1.000000000000E+000
2.363659505252E+001 1.000000000000E+000
2.366802669488E+001 1.000000000000E+000
2.369945833724E+001 1.000000000000E+000
2.373088997959E+001 1.000000000000E+000
2.376232162195E+001 1.000000000000E+000
2.379375326431E+001 1.000000000000E+000
2.382518490666E+001 1.000000000000E+000
2.385661654902E+001 1.000000000000E+000
2.388804819138E+001 1.000000000000E+000
2.391947983374E+001 1.000000000000E+000
2.395091147609E+001 1.000000000000E+000
2.398234311845E+001 1.000000000000E+000
2.401377476081E+001 1.000000000000E+000
2.404520640316E+001 1.000000000000E+000
2.407663804552E+001 1.000000000000E+000
2.410806968788E+001 1.000000000000E+000
2.413950133023E+001 1.000000000000E+000
2.417093297259E+001 1.000000000000E+000
2.420236461495E+001 1.000000000000E+000
2.423379625731E+001 1.000000000000E+000
2.426522789966E+001 1.000000000000E+000
2.429665954202E+001 1.000000000000E+000
2.432809118438E+001 1.000000000000E+000
2.435952282673E+001 1.000000000000E+000
2.439095446909E+001 1.000000000000E+000
2.442238611145E+001 1.000000000000E+000
2.445381775381E+001 1.000000000000E+000
2.448524939616E+001 1.000000000000E+000
2.451668103852E+001 1.000000000000E+000
2.454811268088E+001 1.000000000000E+000
2.457954432323E+001 1.000000000000E+000
2.461097596559E+001 1.000000000000E+000
2.464240760795E+001 1.000000000000E+000
2.467383925031E+001 1.000000000000E+000
2.470527089266E+001 1.000000000000E+000
2.473670253502E+001 1.000000000000E+000
2.476813417738E+001 1.000000000000E+000
2.479956581973E+001 1.000000000000E+000
2.483099746209E+001 1.000000000000E+000
2.486242910445E+001 1.000000000000E+000
2.489386074680E+001 1.000000000000E+000
2.492529238916E+001 1.000000000000E+000
2.495672403152E+001 1.000000000000E+000
2.498815567388E+001 1.000000000000E+000
2.501958731623E+001 1.000000000000E+000
2.505101895859E+001 1.000000000000E+000
2.508245060095E+001 1.000000000000E+000
2.511388224330E+001 1.000000000000E+000
2.514531388566E+001 1.000000000000E+000
2.517674552802E+001 1.000000000000E+000
2.520817717038E+001 1.000000000000E+000
2.523960881273E+001 1.000000000000E+000
2.527104045509E+001 1.000000000000E+000
2.530247209745E+001 1.000000000000E+000
2.533390373980E+001 1.000000000000E+000
2.536533538216E+001 1.000000000000E+000
2.539676702452E+001 1.000000000000E+000
2.542819866687E+001 1.000000000000E+000
2.545963030923E+001 1.000000000000E+000
2.549106195159E+001 1.000000000000E+000
2.552249359395E+001 1.000000000000E+000
2.555392523630E+001 1.000000000000E+000
2.558535687866E+001 1.000000000000E+000
2.561678852102E+001 1.000000000000E+000
2.564822016337E+001 1.000000000000E+000
2.567965180573E+001 1.000000000000E+000
2.571108344809E+001 1.000000000000E+000
2.574251509045E+001 1.000000000000E+000
2.577394673280E+001 1.000000000000E+000
2.580537837516E+001 1.000000000000E+000
2.583681001752E+001 1.000000000000E+000
2.586824165987E+001 1.000000000000E+000
2.589967330223E+001 1.000000000000E+000
2.593110494459E+001 1.000000000000E+000
2.596253658695E+001 1.000000000000E+000
2.599396822930E+001 1.000000000000E+000
2.602539987166E+001 1.000000000000E+000
2.605683151402E+001 1.000000000000E+000
2.608826315637E+001 1.000000000000E+000
2.611969479873E+001 1.000000000000E+000
2.615112644109E+001 1.000000000000E+000
2.618255808344E+001 1.000000000000E+000
2.621398972580E+001 1.000000000000E+000
2.624542136816E+001 1.000000000000E+000
2.627685301052E+001 1.000000000000E+000
2.630828465287E+001 1.000000000000E+000
2.633971629523E+001 1.000000000000E+000
2.637114793759E+001 1.000000000000E+000
2.640257957994E+001 1.000000000000E+000
2.643401122230E+001 1.000000000000E+000
2.646544286466E+001 1.000000000000E+000
2.649687450702E+001 1.000000000000E+000
2.652830614937E+001 1.000000000000E+000
2.655973779173E+001 1.000000000000E+000
2.659116943409E+001 1.000000000000E+000
2.662260107644E+001 1.000000000000E+000
2.665403271880E+001 1.000000000000E+000
2.668546436116E+001 1.000000000000E+000
2.671689600352E+001 1.000000000000E+000
2.674832764587E+001 1.000000000000E+000
2.677975928823E+001 1.000000000000E+000
2.681119093059E+001 1.000000000000E+000
2.684262257294E+001 1.000000000000E+000
2.687405421530E+001 1.000000000000E+000
2.690548585766E+001 1.000000000000E+000
2.693691750001E+001 1.000000000000E+000
2.696834914237E+001 1.000000000000E+000
2.699978078473E+001 1.000000000000E+000
2.703121242709E+001 1.000000000000E+000
2.706264406944E+001 1.000000000000E+000
2.709407571180E+001 1.000000000000E+000
2.712550735416E+001 1.000000000000E+000
2.715693899651E+001 1.000000000000E+000
2.718837063887E+001 1.000000000000E+000
2.721980228123E+001 1.000000000000E+000
2.725123392359E+001 1.000000000000E+000
2.728266556594E+001 1.000000000000E+000
2.731409720830E+001 1.000000000000E+000
2.734552885066E+001 1.000000000000E+000
2.737696049301E+001 1.000000000000E+000
2.740839213537E+001 1.000000000000E+000
2.743982377773E+001 1.000000000000E+000
2.747125542008E+001 1.000000000000E+000
2.750268706244E+001 1.000000000000E+000
2.753411870480E+001 1.000000000000E+000
2.756555034716E+001 1.000000000000E+000
2.759698198951E+001 1.000000000000E+000
2.762841363187E+001 1.000000000000E+000
2.765984527423E+001 1.000000000000E+000
2.769127691658E+001 1.000000000000E+000
2.772270855894E+001 1.000000000000E+000
2.775414020130E+001 1.000000000000E+000
2.778557184366E+001 1.000000000000E+000
2.781700348601E+001 1.000000000000E+000
2.784843512837E+001 1.000000000000E+000
2.787986677073E+001 1.000000000000E+000
2.791129841308E+001 1.000000000000E+000
2.794273005544E+001 1.000000000000E+000
2.797416169780E+001 1.000000000000E+000
2.800559334016E+001 1.000000000000E+000
2.803702498251E+001 1.000000000000E+000
2.806845662487E+001 1.000000000000E+000
2.809988826723E+001 1.000000000000E+000
2.813131990958E+001 1.000000000000E+000
2.816275155194E+001 1.000000000000E+000
2.819418319430E+001 1.000000000000E+000
2.822561483665E+001 1.000000000000E+000
2.825704647901E+001 1.000000000000E+000
2.828847812137E+001 1.000000000000E+000
2.831990976373E+001 1.000000000000E+000
2.835134140608E+001 1.000000000000E+000
2.838277304844E+001 1.000000000000E+000
2.841420469080E+001 1.000000000000E+000
2.844563633315E+001 1.000000000000E+000
2.847706797551E+001 1.000000000000E+000
2.850849961787E+001 1.000000000000E+000
2.853993126023E+001 1.000000000000E+000
2.857136290258E+001 1.000000000000E+000
2.860279454494E+001 1.000000000000E+000
2.863422618730E+001 1.000000000000E+000
2.866565782965E+001 1.000000000000E+000
2.869708947201E+001 1.000000000000E+000
2.872852111437E+001 1.000000000000E+000
2.875995275673E+001 1.000000000000E+000
2.879138439908E+001 1.000000000000E+000
2.882281604144E+001 1.000000000000E+000
2.885424768380E+001 1.000000000000E+000
2.888567932615E+001 1.000000000000E+000
2.891711096851E+001 1.000000000000E+000
2.894854261087E+001 1.000000000000E+000
2.897997425322E+001 1.000000000000E+000
2.901140589558E+001 1.000000000000E+000
2.904283753794E+001 1.000000000000E+000
2.907426918030E+001 1.000000000000E+000
2.910570082265E+001 1.000000000000E+000
2.913713246501E+001 1.000000000000E+000
2.916856410737E+001 1.000000000000E+000
2.919999574972E+001 1.000000000000E+000
2.923142739208E+001 1.000000000000E+000
2.926285903444E+001 1.000000000000E+000
2.929429067680E+001 1.000000000000E+000
2.932572231915E+001 1.000000000000E+000
2.935715396151E+001 1.000000000000E+000
2.938858560387E+001 1.000000000000E+000
2.942001724622E+001 1.000000000000E+000
2.945144888858E+001 1.000000000000E+000
2.948288053094E+001 1.000000000000E+000
2.951431217329E+001 1.000000000000E+000
2.954574381565E+001 1.000000000000E+000
2.957717545801E+001 1.000000000000E+000
2.960860710037E+001 1.000000000000E+000
2.964003874272E+001 1.000000000000E+000
2.967147038508E+001 1.000000000000E+000
2.970290202744E+001 1.000000000000E+000
2.973433366979E+001 1.000000000000E+000
2.976576531215E+001 1.000000000000E+000
2.979719695451E+001 1.000000000000E+000
2.982862859687E+001 1.000000000000E+000
2.986006023922E+001 1.000000000000E+000
2.989149188158E+001 1.000000000000E+000
2.992292352394E+001 1.000000000000E+000
2.995435516629E+001 1.000000000000E+000
2.998578680865E+001 1.000000000000E+000
3.001721845101E+001 1.000000000000E+000
3.004865009337E+001 1.000000000000E+000
3.008008173572E+001 1.000000000000E+000
3.011151337808E+001 1.000000000000E+000
3.014294502044E+001 1.000000000000E+000
3.017437666279E+001 1.000000000000E+000
3.020580830515E+001 1.000000000000E+000
3.023723994751E+001 1.000000000000E+000
3.026867158986E+001 1.000000000000E+000
3.030010323222E+001 1.000000000000E+000
3.033153487458E+001 1.000000000000E+000
3.036296651694E+001 1.000000000000E+000
3.039439815929E+001 1.000000000000E+000
3.042582980165E+001 1.000000000000E+000
3.045726144401E+001 1.000000000000E+000
3.048869308636E+001 1.000000000000E+000
3.052012472872E+001 1.000000000000E+000
3.055155637108E+001 1.000000000000E+000
3.058298801344E+001 1.000000000000E+000
3.061441965579E+001 1.000000000000E+000
3.064585129815E+001 1.000000000000E+000
3.067728294051E+001 1.000000000000E+000
3.070871458286E+001 1.000000000000E+000
3.074014622522E+001 1.000000000000E+000
3.077157786758E+001 1.000000000000E+000
3.080300950993E+001 1.000000000000E+000
3.083444115229E+001 1.000000000000E+000
3.086587279465E+001 1.000000000000E+000
3.089730443701E+001 1.000000000000E+000
3.092873607936E+001 1.000000000000E+000
3.096016772172E+001 1.000000000000E+000
3.099159936408E+001 1.000000000000E+000
3.102303100643E+001 1.000000000000E+000
3.105446264879E+001 1.000000000000E+000
3.108589429115E+001 1.000000000000E+000
3.111732593351E+001 1.000000000000E+000
3.114875757586E+001 1.000000000000E+000
3.118018921822E+001 1.000000000000E+000
3.121162086058E+001 1.000000000000E+000
3.124305250293E+001 1.000000000000E+000
3.127448414529E+001 1.000000000000E+000
3.130591578765E+001 1.000000000000E+000
3.133734743001E+001 1.000000000000E+000
3.136877907236E+001 1.000000000000E+000
3.140021071472E+001 1.000000000000E+000
3.143164235708E+001 1.000000000000E+000
3.146307399943E+001 1.000000000000E+000
3.149450564179E+001 1.000000000000E+000
3.152593728415E+001 1.000000000000E+000
3.155736892650E+001 1.000000000000E+000
3.158880056886E+001 1.000000000000E+000
3.162023221122E+001 1.000000000000E+000
3.165166385358E+001 1.000000000000E+000
3.168309549593E+001 1.000000000000E+000
3.171452713829E+001 1.000000000000E+000
3.174595878065E+001 1.000000000000E+000
3.177739042300E+001 1.000000000000E+000
3.180882206536E+001 1.000000000000E+000
3.184025370772E+001 1.000000000000E+000
3.187168535008E+001 1.000000000000E+000
3.190311699243E+001 1.000000000000E+000
3.193454863479E+001 1.000000000000E+000
3.196598027715E+001 1.000000000000E+000
3.199741191950E+001 1.000000000000E+000
3.202884356186E+001 1.000000000000E+000
3.206027520422E+001 1.000000000000E+000
3.209170684658E+001 1.000000000000E+000
3.212313848893E+001 1.000000000000E+000
3.215457013129E+001 1.000000000000E+000
3.218600177365E+001 1.000000000000E+000
3.221743341600E+001 1.000000000000E+000
3.224886505836E+001 1.000000000000E+000
3.228029670072E+001 1.000000000000E+000
3.231172834307E+001 1.000000000000E+000
3.234315998543E+001 1.000000000000E+000
3.237459162779E+001 1.000000000000E+000
3.240602327015E+001 1.000000000000E+000
3.243745491250E+001 1.000000000000E+000
3.246888655486E+001 1.000000000000E+000
3.250031819722E+001 1.000000000000E+000
3.253174983957E+001 1.000000000000E+000
3.256318148193E+001 1.000000000000E+000
3.259461312429E+001 1.000000000000E+000
3.262604476665E+001 1.000000000000E+000
3.265747640900E+001 1.000000000000E+000
3.268890805136E+001 1.000000000000E+000
3.272033969372E+001 1.000000000000E+000
3.275177133607E+001 1.000000000000E+000
3.278320297843E+001 1.000000000000E+000
3.281463462079E+001 1.000000000000E+000
3.284606626314E+001 1.000000000000E+000
3.287749790550E+001 1.000000000000E+000
3.290892954786E+001 1.000000000000E+000
3.294036119022E+001 1.000000000000E+000
3.297179283257E+001 1.000000000000E+000
3.300322447493E+001 1.000000000000E+000
3.303465611729E+001 1.000000000000E+000
3.306608775964E+001 1.000000000000E+000
3.309751940200E+001 1.000000000000E+000
3.312895104436E+001 1.000000000000E+000
3.316038268672E+001 1.000000000000E+000
3.319181432907E+001 1.000000000000E+000
3.322324597143E+001 1.000000000000E+000
3.325467761379E+001 1.000000000000E+000
3.328610925614E+001 1.000000000000E+000
3.331754089850E+001 1.000000000000E+000
3.334897254086E+001 1.000000000000E+000
3.338040418322E+001 1.000000000000E+000
3.341183582557E+001 1.000000000000E+000
3.344326746793E+001 1.000000000000E+000
3.347469911029E+001 1.000000000000E+000
3.350613075264E+001 1.000000000000E+000
3.353756239500E+001 1.000000000000E+000
3.356899403736E+001 1.000000000000E+000
3.360042567971E+001 1.000000000000E+000
3.363185732207E+001 1.000000000000E+000
3.366328896443E+001 1.000000000000E+000
3.369472060679E+001 1.000000000000E+000
3.372615224914E+001 1.000000000000E+000
3.375758389150E+001 1.000000000000E+000
3.378901553386E+001 1.000000000000E+000
3.382044717621E+001 1.000000000000E+000
3.385187881857E+001 1.000000000000E+000
3.388331046093E+001 1.000000000000E+000
3.391474210329E+001 1.000000000000E+000
3.394617374564E+001 1.000000000000E+000
3.397760538800E+001 1.000000000000E+000
3.400903703036E+001 1.000000000000E+000
3.404046867271E+001 1.000000000000E+000
3.407190031507E+001 1.000000000000E+000
3.410333195743E+001 1.000000000000E+000
3.413476359979E+001 1.000000000000E+000
3.416619524214E+001 1.000000000000E+000
3.419762688450E+001 1.000000000000E+000
3.422905852686E+001 1.000000000000E+000
3.426049016921E+001 1.000000000000E+000
3.429192181157E+001 1.000000000000E+000
3.432335345393E+001 1.000000000000E+000
3.435478509628E+001 1.000000000000E+000
3.438621673864E+001 1.000000000000E+000
3.441764838100E+001 1.000000000000E+000
3.444908002336E+001 1.000000000000E+000
3.448051166571E+001 1.000000000000E+000
3.451194330807E+001 1.000000000000E+000
3.454337495043E+001 1.000000000000E+000
3.457480659278E+001 1.000000000000E+000
3.460623823514E+001 1.000000000000E+000
3.463766987750E+001 1.000000000000E+000
3.466910151986E+001 1.000000000000E+000
3.470053316221E+001 1.000000000000E+000
3.473196480457E+001 1.000000000000E+000
3.476339644693E+001 1.000000000000E+000
3.479482808928E+001 1.000000000000E+000
3.482625973164E+001 1.000000000000E+000
3.485769137400E+001 1.000000000000E+000
3.488912301635E+001 1.000000000000E+000
3.492055465871E+001 1.000000000000E+000
3.495198630107E+001 1.000000000000E+000
3.498341794343E+001 1.000000000000E+000
3.501484958578E+001 1.000000000000E+000
3.504628122814E+001 1.000000000000E+000
3.507771287050E+001 1.000000000000E+000
3.510914451285E+001 1.000000000000E+000
3.514057615521E+001 1.000000000000E+000
3.517200779757E+001 1.000000000000E+000
3.520343943993E+001 1.000000000000E+000
3.523487108228E+001 1.000000000000E+000
3.526630272464E+001 1.000000000000E+000
3.529773436700E+001 1.000000000000E+000
3.532916600935E+001 1.000000000000E+000
3.536059765171E+001 1.000000000000E+000
3.539202929407E+001 1.000000000000E+000
3.542346093643E+001 1.000000000000E+000
3.545489257878E+001 1.000000000000E+000
3.548632422114E+001 1.000000000000E+000
3.551775586350E+001 1.000000000000E+000
3.554918750585E+001 1.000000000000E+000
3.558061914821E+001 1.000000000000E+000
3.561205079057E+001 1.000000000000E+000
3.564348243292E+001 1.000000000000E+000
3.567491407528E+001 1.000000000000E+000
3.570634571764E+001 1.000000000000E+000
3.573777736000E+001 1.000000000000E+000
3.576920900235E+001 1.000000000000E+000
3.580064064471E+001 1.000000000000E+000
3.583207228707E+001 1.000000000000E+000
3.586350392942E+001 1.000000000000E+000
3.589493557178E+001 1.000000000000E+000
3.592636721414E+001 1.000000000000E+000
3.595779885650E+001 1.000000000000E+000
3.598923049885E+001 1.000000000000E+000
3.602066214121E+001 1.000000000000E+000
3.605209378357E+001 1.000000000000E+000
3.608352542592E+001 1.000000000000E+000
3.611495706828E+001 1.000000000000E+000
3.614638871064E+001 1.000000000000E+000
3.617782035300E+001 1.000000000000E+000
3.620925199535E+001 1.000000000000E+000
3.624068363771E+001 1.000000000000E+000
3.627211528007E+001 1.000000000000E+000
3.630354692242E+001 1.000000000000E+000
3.633497856478E+001 1.000000000000E+000
3.636641020714E+001 1.000000000000E+000
3.639784184949E+001 1.000000000000E+000
3.642927349185E+001 1.000000000000E+000
3.646070513421E+001 1.000000000000E+000
3.649213677657E+001 1.000000000000E+000
3.652356841892E+001 1.000000000000E+000
3.655500006128E+001 1.000000000000E+000
3.658643170364E+001 1.000000000000E+000
3.661786334599E+001 1.000000000000E+000
3.664929498835E+001 1.000000000000E+000
3.668072663071E+001 1.000000000000E+000
3.671215827307E+001 1.000000000000E+000
3.674358991542E+001 1.000000000000E+000
3.677502155778E+001 1.000000000000E+000
3.680645320014E+001 1.000000000000E+000
3.683788484249E+001 1.000000000000E+000
3.686931648485E+001 1.000000000000E+000
3.690074812721E+001 1.000000000000E+000
3.693217976956E+001 1.000000000000E+000
3.696361141192E+001 1.000000000000E+000
3.699504305428E+001 1.000000000000E+000
3.702647469664E+001 1.000000000000E+000
3.705790633899E+001 1.000000000000E+000
3.708933798135E+001 1.000000000000E+000
3.712076962371E+001 1.000000000000E+000
3.715220126606E+001 1.000000000000E+000
3.718363290842E+001 1.000000000000E+000
3.721506455078E+001 1.000000000000E+000
3.724649619314E+001 1.000000000000E+000
3.727792783549E+001 1.000000000000E+000
3.730935947785E+001 1.000000000000E+000
3.734079112021E+001 1.000000000000E+000
3.737222276256E+001 1.000000000000E+000
3.740365440492E+001 1.000000000000E+000
3.743508604728E+001 1.000000000000E+000
3.746651768964E+001 1.000000000000E+000
3.749794933199E+001 1.000000000000E+000
3.752938097435E+001 1.000000000000E+000
3.756081261671E+001 1.000000000000E+000
3.759224425906E+001 1.000000000000E+000
3.762367590142E+001 1.000000000000E+000
3.765510754378E+001 1.000000000000E+000
3.768653918613E+001 1.000000000000E+000
3.771797082849E+001 1.000000000000E+000
3.774940247085E+001 1.000000000000E+000
3.778083411321E+001 1.000000000000E+000
3.781226575556E+001 1.000000000000E+000
3.784369739792E+001 1.000000000000E+000
3.787512904028E+001 1.000000000000E+000
3.790656068263E+001 1.000000000000E+000
3.793799232499E+001 1.000000000000E+000
3.796942396735E+001 1.000000000000E+000
3.800085560971E+001 1.000000000000E+000
3.803228725206E+001 1.000000000000E+000
3.806371889442E+001 1.000000000000E+000
3.809515053678E+001 1.000000000000E+000
3.812658217913E+001 1.000000000000E+000
3.815801382149E+001 1.000000000000E+000
3.818944546385E+001 1.000000000000E+000
3.822087710621E+001 1.000000000000E+000
3.825230874856E+001 1.000000000000E+000
3.828374039092E+001 1.000000000000E+000
3.831517203328E+001 1.000000000000E+000
3.834660367563E+001 1.000000000000E+000
3.837803531799E+001 1.000000000000E+000
3.840946696035E+001 1.000000000000E+000
3.844089860270E+001 1.000000000000E+000
3.847233024506E+001 1.000000000000E+000
3.850376188742E+001 1.000000000000E+000
3.853519352978E+001 1.000000000000E+000
3.856662517213E+001 1.000000000000E+000
3.859805681449E+001 1.000000000000E+000
3.862948845685E+001 1.000000000000E+000
3.866092009920E+001 1.000000000000E+000
3.869235174156E+001 1.000000000000E+000
3.872378338392E+001 1.000000000000E+000
3.875521502628E+001 1.000000000000E+000
3.878664666863E+001 1.000000000000E+000
3.881807831099E+001 1.000000000000E+000
3.884950995335E+001 1.000000000000E+000
3.888094159570E+001 1.000000000000E+000
3.891237323806E+001 1.000000000000E+000
3.894380488042E+001 1.000000000000E+000
3.897523652277E+001 1.000000000000E+000
3.900666816513E+001 1.000000000000E+000
3.903809980749E+001 1.000000000000E+000
3.906953144985E+001 1.000000000000E+000
3.910096309220E+001 1.000000000000E+000
3.913239473456E+001 1.000000000000E+000
3.916382637692E+001 1.000000000000E+000
3.919525801927E+001 1.000000000000E+000
3.922668966163E+001 1.000000000000E+000
3.925812130399E+001 1.000000000000E+000
3.928955294635E+001 1.000000000000E+000
3.932098458870E+001 1.000000000000E+000
3.935241623106E+001 1.000000000000E+000
3.938384787342E+001 1.000000000000E+000
3.941527951577E+001 1.000000000000E+000
3.944671115813E+001 1.000000000000E+000
3.947814280049E+001 1.000000000000E+000
3.950957444285E+001 1.000000000000E+000
3.954100608520E+001 1.000000000000E+000
3.957243772756E+001 1.000000000000E+000
3.960386936992E+001 1.000000000000E+000
3.963530101227E+001 1.000000000000E+000
3.966673265463E+001 1.000000000000E+000
3.969816429699E+001 1.000000000000E+000
3.972959593934E+001 1.000000000000E+000
3.976102758170E+001 1.000000000000E+000
3.979245922406E+001 1.000000000000E+000
3.982389086642E+001 1.000000000000E+000
3.985532250877E+001 1.000000000000E+000
3.988675415113E+001 1.000000000000E+000
3.991818579349E+001 1.000000000000E+000
3.994961743584E+001 1.000000000000E+000
3.998104907820E+001 1.000000000000E+000
4.001248072056E+001 1.000000000000E+000
4.004391236292E+001 1.000000000000E+000
4.007534400527E+001 1.000000000000E+000
4.010677564763E+001 1.000000000000E+000
4.013820728999E+001 1.000000000000E+000
4.016963893234E+001 1.000000000000E+000
4.020107057470E+001 1.000000000000E+000
4.023250221706E+001 1.000000000000E+000
4.026393385942E+001 1.000000000000E+000
4.029536550177E+001 1.000000000000E+000
4.032679714413E+001 1.000000000000E+000
4.035822878649E+001 1.000000000000E+000
4.038966042884E+001 1.000000000000E+000
4.042109207120E+001 1.000000000000E+000
4.045252371356E+001 1.000000000000E+000
4.048395535591E+001 1.000000000000E+000
4.051538699827E+001 1.000000000000E+000
4.054681864063E+001 1.000000000000E+000
4.057825028299E+001 1.000000000000E+000
4.060968192534E+001 1.000000000000E+000
4.064111356770E+001 1.000000000000E+000
4.067254521006E+001 1.000000000000E+000
4.070397685241E+001 1.000000000000E+000
4.073540849477E+001 1.000000000000E+000
4.076684013713E+001 1.000000000000E+000
4.079827177949E+001 1.000000000000E+000
4.082970342184E+001 1.000000000000E+000
4.086113506420E+001 1.000000000000E+000
4.089256670656E+001 1.000000000000E+000
4.092399834891E+001 1.000000000000E+000
4.095542999127E+001 1.000000000000E+000
4.098686163363E+001 1.000000000000E+000
4.101829327598E+001 1.000000000000E+000
4.104972491834E+001 1.000000000000E+000
4.108115656070E+001 1.000000000000E+000
4.111258820306E+001 1.000000000000E+000
4.114401984541E+001 1.000000000000E+000
4.117545148777E+001 1.000000000000E+000
4.120688313013E+001 1.000000000000E+000
4.123831477248E+001 1.000000000000E+000
4.126974641484E+001 1.000000000000E+000
4.130117805720E+001 1.000000000000E+000
4.133260969956E+001 1.000000000000E+000
4.136404134191E+001 1.000000000000E+000
4.139547298427E+001 1.000000000000E+000
4.142690462663E+001 1.000000000000E+000
4.145833626898E+001 1.000000000000E+000
4.148976791134E+001 1.000000000000E+000
4.152119955370E+001 1.000000000000E+000
4.155263119606E+001 1.000000000000E+000
4.158406283841E+001 1.000000000000E+000
4.161549448077E+001 1.000000000000E+000
4.164692612313E+001 1.000000000000E+000
4.167835776548E+001 1.000000000000E+000
4.170978940784E+001 1.000000000000E+000
4.174122105020E+001 1.000000000000E+000
4.177265269255E+001 1.000000000000E+000
4.180408433491E+001 1.000000000000E+000
4.183551597727E+001 1.000000000000E+000
4.186694761963E+001 1.000000000000E+000
4.189837926198E+001 1.000000000000E+000
4.192981090434E+001 1.000000000000E+000
4.196124254670E+001 1.000000000000E+000
4.199267418905E+001 1.000000000000E+000
4.202410583141E+001 1.000000000000E+000
4.205553747377E+001 1.000000000000E+000
4.208696911613E+001 1.000000000000E+000
4.211840075848E+001 1.000000000000E+000
4.214983240084E+001 1.000000000000E+000
4.218126404320E+001 1.000000000000E+000
4.221269568555E+001 1.000000000000E+000
4.224412732791E+001 1.000000000000E+000
4.227555897027E+001 1.000000000000E+000
4.230699061262E+001 1.000000000000E+000
4.233842225498E+001 1.000000000000E+000
4.236985389734E+001 1.000000000000E+000
4.240128553970E+001 1.000000000000E+000
4.243271718205E+001 1.000000000000E+000
4.246414882441E+001 1.000000000000E+000
4.249558046677E+001 1.000000000000E+000
4.252701210912E+001 1.000000000000E+000
4.255844375148E+001 1.000000000000E+000
4.258987539384E+001 1.000000000000E+000
4.262130703620E+001 1.000000000000E+000
4.265273867855E+001 1.000000000000E+000
4.268417032091E+001 1.000000000000E+000
4.271560196327E+001 1.000000000000E+000
4.274703360562E+001 1.000000000000E+000
4.277846524798E+001 1.000000000000E+000
4.280989689034E+001 1.000000000000E+000
4.284132853270E+001 1.000000000000E+000
4.287276017505E+001 1.000000000000E+000
4.290419181741E+001 1.000000000000E+000
4.293562345977E+001 1.000000000000E+000
4.296705510212E+001 1.000000000000E+000
4.299848674448E+001 1.000000000000E+000
4.302991838684E+001 1.000000000000E+000
4.306135002919E+001 1.000000000000E+000
4.309278167155E+001 1.000000000000E+000
4.312421331391E+001 1.000000000000E+000
4.315564495627E+001 1.000000000000E+000
4.318707659862E+001 1.000000000000E+000
4.321850824098E+001 1.000000000000E+000
4.324993988334E+001 1.000000000000E+000
4.328137152569E+001 1.000000000000E+000
4.331280316805E+001 1.000000000000E+000
4.334423481041E+001 1.000000000000E+000
4.337566645277E+001 1.000000000000E+000
4.340709809512E+001 1.000000000000E+000
4.343852973748E+001 1.000000000000E+000
4.346996137984E+001 1.000000000000E+000
4.350139302219E+001 1.000000000000E+000
4.353282466455E+001 1.000000000000E+000
4.356425630691E+001 1.000000000000E+000
4.359568794927E+001 1.000000000000E+000
4.362711959162E+001 1.000000000000E+000
4.365855123398E+001 1.000000000000E+000
4.368998287634E+001 1.000000000000E+000
4.372141451869E+001 1.000000000000E+000
4.375284616105E+001 1.000000000000E+000
4.378427780341E+001 1.000000000000E+000
4.381570944576E+001 1.000000000000E+000
4.384714108812E+001 1.000000000000E+000
4.387857273048E+001 1.000000000000E+000
4.391000437284E+001 1.000000000000E+000
4.394143601519E+001 1.000000000000E+000
4.397286765755E+001 1.000000000000E+000
4.400429929991E+001 1.000000000000E+000
4.403573094226E+001 1.000000000000E+000
4.406716258462E+001 1.000000000000E+000
4.409859422698E+001 1.000000000000E+000
4.413002586934E+001 1.000000000000E+000
4.416145751169E+001 1.000000000000E+000
4.419288915405E+001 1.000000000000E+000
4.422432079641E+001 1.000000000000E+000
4.425575243876E+001 1.000000000000E+000
4.428718408112E+001 1.000000000000E+000
4.431861572348E+001 1.000000000000E+000
4.435004736583E+001 1.000000000000E+000
4.438147900819E+001 1.000000000000E+000
4.441291065055E+001 1.000000000000E+000
4.444434229291E+001 1.000000000000E+000
4.447577393526E+001 1.000000000000E+000
4.450720557762E+001 1.000000000000E+000
4.453863721998E+001 1.000000000000E+000
4.457006886233E+001 1.000000000000E+000
4.460150050469E+001 1.000000000000E+000
4.463293214705E+001 1.000000000000E+000
4.466436378941E+001 1.000000000000E+000
4.469579543176E+001 1.000000000000E+000
4.472722707412E+001 1.000000000000E+000
4.475865871648E+001 1.000000000000E+000
4.479009035883E+001 1.000000000000E+000
4.482152200119E+001 1.000000000000E+000
4.485295364355E+001 1.000000000000E+000
4.488438528591E+001 1.000000000000E+000
4.491581692826E+001 1.000000000000E+000
4.494724857062E+001 1.000000000000E+000
4.497868021298E+001 1.000000000000E+000
4.501011185533E+001 1.000000000000E+000
4.504154349769E+001 1.000000000000E+000
4.507297514005E+001 1.000000000000E+000
4.510440678240E+001 1.000000000000E+000
4.513583842476E+001 1.000000000000E+000
4.516727006712E+001 1.000000000000E+000
4.519870170948E+001 1.000000000000E+000
4.523013335183E+001 1.000000000000E+000
4.526156499419E+001 1.000000000000E+000
4.529299663655E+001 1.000000000000E+000
4.532442827890E+001 1.000000000000E+000
4.535585992126E+001 1.000000000000E+000
4.538729156362E+001 1.000000000000E+000
4.541872320598E+001 1.000000000000E+000
4.545015484833E+001 1.000000000000E+000
4.548158649069E+001 1.000000000000E+000
4.551301813305E+001 1.000000000000E+000
4.554444977540E+001 1.000000000000E+000
4.557588141776E+001 1.000000000000E+000
4.560731306012E+001 1.000000000000E+000
4.563874470248E+001 1.000000000000E+000
4.567017634483E+001 1.000000000000E+000
4.570160798719E+001 1.000000000000E+000
4.573303962955E+001 1.000000000000E+000
4.576447127190E+001 1.000000000000E+000
4.579590291426E+001 1.000000000000E+000
4.582733455662E+001 1.000000000000E+000
4.585876619897E+001 1.000000000000E+000
4.589019784133E+001 1.000000000000E+000
4.592162948369E+001 1.000000000000E+000
4.595306112605E+001 1.000000000000E+000
4.598449276840E+001 1.000000000000E+000
4.601592441076E+001 1.000000000000E+000
4.604735605312E+001 1.000000000000E+000
4.607878769547E+001 1.000000000000E+000
4.611021933783E+001 1.000000000000E+000
4.614165098019E+001 1.000000000000E+000
4.617308262255E+001 1.000000000000E+000
4.620451426490E+001 1.000000000000E+000
4.623594590726E+001 1.000000000000E+000
4.626737754962E+001 1.000000000000E+000
4.629880919197E+001 1.000000000000E+000
4.633024083433E+001 1.000000000000E+000
4.636167247669E+001 1.000000000000E+000
4.639310411904E+001 1.000000000000E+000
4.642453576140E+001 1.000000000000E+000
4.645596740376E+001 1.000000000000E+000
4.648739904612E+001 1.000000000000E+000
4.651883068847E+001 1.000000000000E+000
4.655026233083E+001 1.000000000000E+000
4.658169397319E+001 1.000000000000E+000
4.661312561554E+001 1.000000000000E+000
4.664455725790E+001 1.000000000000E+000
4.667598890026E+001 1.000000000000E+000
4.670742054262E+001 1.000000000000E+000
4.673885218497E+001 1.000000000000E+000
4.677028382733E+001 1.000000000000E+000
4.680171546969E+001 1.000000000000E+000
4.683314711204E+001 1.000000000000E+000
4.686457875440E+001 1.000000000000E+000
4.689601039676E+001 1.000000000000E+000
4.692744203912E+001 1.000000000000E+000
4.695887368147E+001 1.000000000000E+000
4.699030532383E+001 1.000000000000E+000
4.702173696619E+001 1.000000000000E+000
4.705316860854E+001 1.000000000000E+000
4.708460025090E+001 1.000000000000E+000
4.711603189326E+001 1.000000000000E+000
4.714746353561E+001 1.000000000000E+000
4.717889517797E+001 1.000000000000E+000
4.721032682033E+001 1.000000000000E+000
4.724175846269E+001 1.000000000000E+000
4.727319010504E+001 1.000000000000E+000
4.730462174740E+001 1.000000000000E+000
4.733605338976E+001 1.000000000000E+000
4.736748503211E+001 1.000000000000E+000
4.739891667447E+001 1.000000000000E+000
4.743034831683E+001 1.000000000000E+000
4.746177995919E+001 1.000000000000E+000
4.749321160154E+001 1.000000000000E+000
4.752464324390E+001 1.000000000000E+000
4.755607488626E+001 1.000000000000E+000
4.758750652861E+001 1.000000000000E+000
4.761893817097E+001 1.000000000000E+000
4.765036981333E+001 1.000000000000E+000
4.768180145569E+001 1.000000000000E+000
4.771323309804E+001 1.000000000000E+000
4.774466474040E+001 1.000000000000E+000
4.777609638276E+001 1.000000000000E+000
4.780752802511E+001 1.000000000000E+000
4.783895966747E+001 1.000000000000E+000
4.787039130983E+001 1.000000000000E+000
4.790182295218E+001 1.000000000000E+000
4.793325459454E+001 1.000000000000E+000
4.796468623690E+001 1.000000000000E+000
4.799611787926E+001 1.000000000000E+000
4.802754952161E+001 1.000000000000E+000
4.805898116397E+001 1.000000000000E+000
4.809041280633E+001 1.000000000000E+000
4.812184444868E+001 1.000000000000E+000
4.815327609104E+001 1.000000000000E+000
4.818470773340E+001 1.000000000000E+000
4.821613937576E+001 1.000000000000E+000
4.824757101811E+001 1.000000000000E+000
4.827900266047E+001 1.000000000000E+000
4.831043430283E+001 1.000000000000E+000
4.834186594518E+001 1.000000000000E+000
4.837329758754E+001 1.000000000000E+000
4.840472922990E+001 1.000000000000E+000
4.843616087225E+001 1.000000000000E+000
4.846759251461E+001 1.000000000000E+000
4.849902415697E+001 1.000000000000E+000
4.853045579933E+001 1.000000000000E+000
4.856188744168E+001 1.000000000000E+000
4.859331908404E+001 1.000000000000E+000
4.862475072640E+001 1.000000000000E+000
4.865618236875E+001 1.000000000000E+000
4.868761401111E+001 1.000000000000E+000
4.871904565347E+001 1.000000000000E+000
4.875047729583E+001 1.000000000000E+000
4.878190893818E+001 1.000000000000E+000
4.881334058054E+001 1.000000000000E+000
4.884477222290E+001 1.000000000000E+000
4.887620386525E+001 1.000000000000E+000
4.890763550761E+001 1.000000000000E+000
4.893906714997E+001 1.000000000000E+000
4.897049879233E+001 1.000000000000E+000
4.900193043468E+001 1.000000000000E+000
4.903336207704E+001 1.000000000000E+000
4.906479371940E+001 1.000000000000E+000
4.909622536175E+001 1.000000000000E+000
4.912765700411E+001 1.000000000000E+000
4.915908864647E+001 1.000000000000E+000
4.919052028882E+001 1.000000000000E+000
4.922195193118E+001 1.000000000000E+000
4.925338357354E+001 1.000000000000E+000
4.928481521590E+001 1.000000000000E+000
4.931624685825E+001 1.000000000000E+000
4.934767850061E+001 1.000000000000E+000
4.937911014297E+001 1.000000000000E+000
4.941054178532E+001 1.000000000000E+000
4.944197342768E+001 1.000000000000E+000
4.947340507004E+001 1.000000000000E+000
4.950483671240E+001 1.000000000000E+000
4.953626835475E+001 1.000000000000E+000
4.956769999711E+001 1.000000000000E+000
4.959913163947E+001 1.000000000000E+000
4.963056328182E+001 1.000000000000E+000
4.966199492418E+001 1.000000000000E+000
4.969342656654E+001 1.000000000000E+000
4.972485820890E+001 1.000000000000E+000
4.975628985125E+001 1.000000000000E+000
4.978772149361E+001 1.000000000000E+000
4.981915313597E+001 1.000000000000E+000
4.985058477832E+001 1.000000000000E+000
4.988201642068E+001 1.000000000000E+000
4.991344806304E+001 1.000000000000E+000
4.994487970539E+001 1.000000000000E+000
4.997631134775E+001 1.000000000000E+000
5.000774299011E+001 1.000000000000E+000
5.003917463247E+001 1.000000000000E+000
5.007060627482E+001 1.000000000000E+000
5.010203791718E+001 1.000000000000E+000
5.013346955954E+001 1.000000000000E+000
5.016490120189E+001 1.000000000000E+000
5.019633284425E+001 1.000000000000E+000
5.022776448661E+001 1.000000000000E+000
5.025919612897E+001 1.000000000000E+000
5.029062777132E+001 1.000000000000E+000
5.032205941368E+001 1.000000000000E+000
5.035349105604E+001 1.000000000000E+000
5.038492269839E+001 1.000000000000E+000
5.041635434075E+001 1.000000000000E+000
5.044778598311E+001 1.000000000000E+000
5.047921762546E+001 1.000000000000E+000
5.051064926782E+001 1.000000000000E+000
5.054208091018E+001 1.000000000000E+000
5.057351255254E+001 1.000000000000E+000
5.060494419489E+001 1.000000000000E+000
5.063637583725E+001 1.000000000000E+000
5.066780747961E+001 1.000000000000E+000
5.069923912196E+001 1.000000000000E+000
5.073067076432E+001 1.000000000000E+000
5.076210240668E+001 1.000000000000E+000
5.079353404904E+001 1.000000000000E+000
5.082496569139E+001 1.000000000000E+000
5.085639733375E+001 1.000000000000E+000
5.088782897611E+001 1.000000000000E+000
5.091926061846E+001 1.000000000000E+000
5.095069226082E+001 1.000000000000E+000
5.098212390318E+001 1.000000000000E+000
5.101355554554E+001 1.000000000000E+000
5.104498718789E+001 1.000000000000E+000
5.107641883025E+001 1.000000000000E+000
5.110785047261E+001 1.000000000000E+000
5.113928211496E+001 1.000000000000E+000
5.117071375732E+001 1.000000000000E+000
5.120214539968E+001 1.000000000000E+000
5.123357704203E+001 1.000000000000E+000
5.126500868439E+001 1.000000000000E+000
5.129644032675E+001 1.000000000000E+000
5.132787196911E+001 1.000000000000E+000
5.135930361146E+001 1.000000000000E+000
5.139073525382E+001 1.000000000000E+000
5.142216689618E+001 1.000000000000E+000
5.145359853853E+001 1.000000000000E+000
5.148503018089E+001 1.000000000000E+000
5.151646182325E+001 1.000000000000E+000
5.154789346561E+001 1.000000000000E+000
5.157932510796E+001 1.000000000000E+000
5.161075675032E+001 1.000000000000E+000
5.164218839268E+001 1.000000000000E+000
5.167362003503E+001 1.000000000000E+000
5.170505167739E+001 1.000000000000E+000
5.173648331975E+001 1.000000000000E+000
5.176791496210E+001 1.000000000000E+000
5.179934660446E+001 1.000000000000E+000
5.183077824682E+001 1.000000000000E+000
5.186220988918E+001 1.000000000000E+000
5.189364153153E+001 1.000000000000E+000
5.192507317389E+001 1.000000000000E+000
5.195650481625E+001 1.000000000000E+000
5.198793645860E+001 1.000000000000E+000
5.201936810096E+001 1.000000000000E+000
5.205079974332E+001 1.000000000000E+000
5.208223138568E+001 1.000000000000E+000
5.211366302803E+001 1.000000000000E+000
5.214509467039E+001 1.000000000000E+000
5.217652631275E+001 1.000000000000E+000
5.220795795510E+001 1.000000000000E+000
5.223938959746E+001 1.000000000000E+000
5.227082123982E+001 1.000000000000E+000
5.230225288218E+001 1.000000000000E+000
5.233368452453E+001 1.000000000000E+000
5.236511616689E+001 1.000000000000E+000
5.239654780925E+001 1.000000000000E+000
5.242797945160E+001 1.000000000000E+000
5.245941109396E+001 1.000000000000E+000
5.249084273632E+001 1.000000000000E+000
5.252227437867E+001 1.000000000000E+000
5.255370602103E+001 1.000000000000E+000
5.258513766339E+001 1.000000000000E+000
5.261656930575E+001 1.000000000000E+000
5.264800094810E+001 1.000000000000E+000
5.267943259046E+001 1.000000000000E+000
5.271086423282E+001 1.000000000000E+000
5.274229587517E+001 1.000000000000E+000
5.277372751753E+001 1.000000000000E+000
5.280515915989E+001 1.000000000000E+000
5.283659080225E+001 1.000000000000E+000
5.286802244460E+001 1.000000000000E+000
5.289945408696E+001 1.000000000000E+000
5.293088572932E+001 1.000000000000E+000
5.296231737167E+001 1.000000000000E+000
5.299374901403E+001 1.000000000000E+000
5.302518065639E+001 1.000000000000E+000
5.305661229875E+001 1.000000000000E+000
5.308804394110E+001 1.000000000000E+000
5.311947558346E+001 1.000000000000E+000
5.315090722582E+001 1.000000000000E+000
5.318233886817E+001 1.000000000000E+000
5.321377051053E+001 1.000000000000E+000
5.324520215289E+001 1.000000000000E+000
5.327663379524E+001 1.000000000000E+000
5.330806543760E+001 1.000000000000E+000
5.333949707996E+001 1.000000000000E+000
5.337092872232E+001 1.000000000000E+000
5.340236036467E+001 1.000000000000E+000
5.343379200703E+001 1.000000000000E+000
5.346522364939E+001 1.000000000000E+000
5.349665529174E+001 1.000000000000E+000
5.352808693410E+001 1.000000000000E+000
5.355951857646E+001 1.000000000000E+000
5.359095021882E+001 1.000000000000E+000
5.362238186117E+001 1.000000000000E+000
5.365381350353E+001 1.000000000000E+000
5.368524514589E+001 1.000000000000E+000
5.371667678824E+001 1.000000000000E+000
5.374810843060E+001 1.000000000000E+000
5.377954007296E+001 1.000000000000E+000
5.381097171531E+001 1.000000000000E+000
5.384240335767E+001 1.000000000000E+000
5.387383500003E+001 1.000000000000E+000
5.390526664239E+001 1.000000000000E+000
5.393669828474E+001 1.000000000000E+000
5.396812992710E+001 1.000000000000E+000
5.399956156946E+001 1.000000000000E+000
5.403099321181E+001 1.000000000000E+000
5.406242485417E+001 1.000000000000E+000
5.409385649653E+001 1.000000000000E+000
5.412528813889E+001 1.000000000000E+000
5.415671978124E+001 1.000000000000E+000
5.418815142360E+001 1.000000000000E+000
5.421958306596E+001 1.000000000000E+000
5.425101470831E+001 1.000000000000E+000
5.428244635067E+001 1.000000000000E+000
5.431387799303E+001 1.000000000000E+000
5.434530963539E+001 1.000000000000E+000
5.437674127774E+001 1.000000000000E+000
5.440817292010E+001 1.000000000000E+000
5.443960456246E+001 1.000000000000E+000
5.447103620481E+001 1.000000000000E+000
5.450246784717E+001 1.000000000000E+000
5.453389948953E+001 1.000000000000E+000
5.456533113188E+001 1.000000000000E+000
5.459676277424E+001 1.000000000000E+000
5.462819441660E+001 1.000000000000E+000
5.465962605896E+001 1.000000000000E+000
5.469105770131E+001 1.000000000000E+000
5.472248934367E+001 1.000000000000E+000
5.475392098603E+001 1.000000000000E+000
5.478535262838E+001 1.000000000000E+000
5.481678427074E+001 1.000000000000E+000
5.484821591310E+001 1.000000000000E+000
5.487964755546E+001 1.000000000000E+000
5.491107919781E+001 1.000000000000E+000
5.494251084017E+001 1.000000000000E+000
5.497394248253E+001 1.000000000000E+000
5.500537412488E+001 1.000000000000E+000
5.503680576724E+001 1.000000000000E+000
5.506823740960E+001 1.000000000000E+000
5.509966905196E+001 1.000000000000E+000
5.513110069431E+001 1.000000000000E+000
5.516253233667E+001 1.000000000000E+000
5.519396397903E+001 1.000000000000E+000
5.522539562138E+001 1.000000000000E+000
5.525682726374E+001 1.000000000000E+000
5.528825890610E+001 1.000000000000E+000
5.531969054845E+001 1.000000000000E+000
5.535112219081E+001 1.000000000000E+000
5.538255383317E+001 1.000000000000E+000
5.541398547553E+001 1.000000000000E+000
5.544541711788E+001 1.000000000000E+000
5.547684876024E+001 1.000000000000E+000
5.550828040260E+001 1.000000000000E+000
5.553971204495E+001 1.000000000000E+000
5.557114368731E+001 1.000000000000E+000
5.560257532967E+001 1.000000000000E+000
5.563400697203E+001 1.000000000000E+000
5.566543861438E+001 1.000000000000E+000
5.569687025674E+001 1.000000000000E+000
5.572830189910E+001 1.000000000000E+000
5.575973354145E+001 1.000000000000E+000
5.579116518381E+001 1.000000000000E+000
5.582259682617E+001 1.000000000000E+000
5.585402846852E+001 1.000000000000E+000
5.588546011088E+001 1.000000000000E+000
5.591689175324E+001 1.000000000000E+000
5.594832339560E+001 1.000000000000E+000
5.597975503795E+001 1.000000000000E+000
5.601118668031E+001 1.000000000000E+000
5.604261832267E+001 1.000000000000E+000
5.607404996502E+001 1.000000000000E+000
5.610548160738E+001 1.000000000000E+000
5.613691324974E+001 1.000000000000E+000
5.616834489210E+001 1.000000000000E+000
5.619977653445E+001 1.000000000000E+000
5.623120817681E+001 1.000000000000E+000
5.626263981917E+001 1.000000000000E+000
5.629407146152E+001 1.000000000000E+000
5.632550310388E+001 1.000000000000E+000
5.635693474624E+001 1.000000000000E+000
5.638836638860E+001 1.000000000000E+000
5.641979803095E+001 1.000000000000E+000
5.645122967331E+001 1.000000000000E+000
5.648266131567E+001 1.000000000000E+000
5.651409295802E+001 1.000000000000E+000
5.654552460038E+001 1.000000000000E+000
5.657695624274E+001 1.000000000000E+000
5.660838788509E+001 1.000000000000E+000
5.663981952745E+001 1.000000000000E+000
5.667125116981E+001 1.000000000000E+000
5.670268281217E+001 1.000000000000E+000
5.673411445452E+001 1.000000000000E+000
5.676554609688E+001 1.000000000000E+000
5.679697773924E+001 1.000000000000E+000
5.682840938159E+001 1.000000000000E+000
5.685984102395E+001 1.000000000000E+000
5.689127266631E+001 1.000000000000E+000
5.692270430867E+001 1.000000000000E+000
5.695413595102E+001 1.000000000000E+000
5.698556759338E+001 1.000000000000E+000
5.701699923574E+001 1.000000000000E+000
5.704843087809E+001 1.000000000000E+000
5.707986252045E+001 1.000000000000E+000
5.711129416281E+001 1.000000000000E+000
5.714272580517E+001 1.000000000000E+000
5.717415744752E+001 1.000000000000E+000
5.720558908988E+001 1.000000000000E+000
5.723702073224E+001 1.000000000000E+000
5.726845237459E+001 1.000000000000E+000
5.729988401695E+001 1.000000000000E+000
5.733131565931E+001 1.000000000000E+000
5.736274730166E+001 1.000000000000E+000
5.739417894402E+001 1.000000000000E+000
5.742561058638E+001 1.000000000000E+000
5.745704222874E+001 1.000000000000E+000
5.748847387109E+001 1.000000000000E+000
5.751990551345E+001 1.000000000000E+000
5.755133715581E+001 1.000000000000E+000
5.758276879816E+001 1.000000000000E+000
5.761420044052E+001 1.000000000000E+000
5.764563208288E+001 1.000000000000E+000
5.767706372524E+001 1.000000000000E+000
5.770849536759E+001 1.000000000000E+000
5.773992700995E+001 1.000000000000E+000
5.777135865231E+001 1.000000000000E+000
5.780279029466E+001 1.000000000000E+000
5.783422193702E+001 1.000000000000E+000
5.786565357938E+001 1.000000000000E+000
5.789708522173E+001 1.000000000000E+000
5.792851686409E+001 1.000000000000E+000
5.795994850645E+001 1.000000000000E+000
5.799138014881E+001 1.000000000000E+000
5.802281179116E+001 1.000000000000E+000
5.805424343352E+001 1.000000000000E+000
5.808567507588E+001 1.000000000000E+000
5.811710671823E+001 1.000000000000E+000
5.814853836059E+001 1.000000000000E+000
5.817997000295E+001 1.000000000000E+000
5.821140164531E+001 1.000000000000E+000
5.824283328766E+001 1.000000000000E+000
5.827426493002E+001 1.000000000000E+000
5.830569657238E+001 1.000000000000E+000
5.833712821473E+001 1.000000000000E+000
5.836855985709E+001 1.000000000000E+000
5.839999149945E+001 1.000000000000E+000
5.843142314181E+001 1.000000000000E+000
5.846285478416E+001 1.000000000000E+000
5.849428642652E+001 1.000000000000E+000
5.852571806888E+001 1.000000000000E+000
5.855714971123E+001 1.000000000000E+000
5.858858135359E+001 1.000000000000E+000
5.862001299595E+001 1.000000000000E+000
5.865144463830E+001 1.000000000000E+000
5.868287628066E+001 1.000000000000E+000
5.871430792302E+001 1.000000000000E+000
5.874573956538E+001 1.000000000000E+000
5.877717120773E+001 1.000000000000E+000
5.880860285009E+001 1.000000000000E+000
5.884003449245E+001 1.000000000000E+000
5.887146613480E+001 1.000000000000E+000
5.890289777716E+001 1.000000000000E+000
5.893432941952E+001 1.000000000000E+000
5.896576106188E+001 1.000000000000E+000
5.899719270423E+001 1.000000000000E+000
5.902862434659E+001 1.000000000000E+000
5.906005598895E+001 1.000000000000E+000
5.909148763130E+001 1.000000000000E+000
5.912291927366E+001 1.000000000000E+000
5.915435091602E+001 1.000000000000E+000
5.918578255838E+001 1.000000000000E+000
5.921721420073E+001 1.000000000000E+000
5.924864584309E+001 1.000000000000E+000
5.928007748545E+001 1.000000000000E+000
5.931150912780E+001 1.000000000000E+000
5.934294077016E+001 1.000000000000E+000
5.937437241252E+001 1.000000000000E+000
5.940580405487E+001 1.000000000000E+000
5.943723569723E+001 1.000000000000E+000
5.946866733959E+001 1.000000000000E+000
5.950009898195E+001 1.000000000000E+000
5.953153062430E+001 1.000000000000E+000
5.956296226666E+001 1.000000000000E+000
5.959439390902E+001 1.000000000000E+000
5.962582555137E+001 1.000000000000E+000
5.965725719373E+001 1.000000000000E+000
5.968868883609E+001 1.000000000000E+000
5.972012047845E+001 1.000000000000E+000
5.975155212080E+001 1.000000000000E+000
5.978298376316E+001 1.000000000000E+000
5.981441540552E+001 1.000000000000E+000
5.984584704787E+001 1.000000000000E+000
5.987727869023E+001 1.000000000000E+000
5.990871033259E+001 1.000000000000E+000
5.994014197494E+001 1.000000000000E+000
5.997157361730E+001 1.000000000000E+000
6.000300525966E+001 1.000000000000E+000
6.003443690202E+001 1.000000000000E+000
6.006586854437E+001 1.000000000000E+000
6.009730018673E+001 1.000000000000E+000
6.012873182909E+001 1.000000000000E+000
6.016016347144E+001 1.000000000000E+000
6.019159511380E+001 1.000000000000E+000
6.022302675616E+001 1.000000000000E+000
6.025445839852E+001 1.000000000000E+000
6.028589004087E+001 1.000000000000E+000
6.031732168323E+001 1.000000000000E+000
6.034875332559E+001 1.000000000000E+000
6.038018496794E+001 1.000000000000E+000
6.041161661030E+001 1.000000000000E+000
6.044304825266E+001 1.000000000000E+000
6.047447989502E+001 1.000000000000E+000
6.050591153737E+001 1.000000000000E+000
6.053734317973E+001 1.000000000000E+000
6.056877482209E+001 1.000000000000E+000
6.060020646444E+001 1.000000000000E+000
6.063163810680E+001 1.000000000000E+000
6.066306974916E+001 1.000000000000E+000
6.069450139151E+001 1.000000000000E+000
6.072593303387E+001 1.000000000000E+000
6.075736467623E+001 1.000000000000E+000
6.078879631859E+001 1.000000000000E+000
6.082022796094E+001 1.000000000000E+000
6.085165960330E+001 1.000000000000E+000
6.088309124566E+001 1.000000000000E+000
6.091452288801E+001 1.000000000000E+000
6.094595453037E+001 1.000000000000E+000
6.097738617273E+001 1.000000000000E+000
6.100881781509E+001 1.000000000000E+000
6.104024945744E+001 1.000000000000E+000
6.107168109980E+001 1.000000000000E+000
6.110311274216E+001 1.000000000000E+000
6.113454438451E+001 1.000000000000E+000
6.116597602687E+001 1.000000000000E+000
6.119740766923E+001 1.000000000000E+000
6.122883931159E+001 1.000000000000E+000
6.126027095394E+001 1.000000000000E+000
6.129170259630E+001 1.000000000000E+000
6.132313423866E+001 1.000000000000E+000
6.135456588101E+001 1.000000000000E+000
6.138599752337E+001 1.000000000000E+000
6.141742916573E+001 1.000000000000E+000
6.144886080808E+001 1.000000000000E+000
6.148029245044E+001 1.000000000000E+000
6.151172409280E+001 1.000000000000E+000
6.154315573516E+001 1.000000000000E+000
6.157458737751E+001 1.000000000000E+000
6.160601901987E+001 1.000000000000E+000
6.163745066223E+001 1.000000000000E+000
6.166888230458E+001 1.000000000000E+000
6.170031394694E+001 1.000000000000E+000
6.173174558930E+001 1.000000000000E+000
6.176317723166E+001 1.000000000000E+000
6.179460887401E+001 1.000000000000E+000
6.182604051637E+001 1.000000000000E+000
6.185747215873E+001 1.000000000000E+000
6.188890380108E+001 1.000000000000E+000
6.192033544344E+001 1.000000000000E+000
6.195176708580E+001 1.000000000000E+000
6.198319872815E+001 1.000000000000E+000
6.201463037051E+001 1.000000000000E+000
6.204606201287E+001 1.000000000000E+000
6.207749365523E+001 1.000000000000E+000
6.210892529758E+001 1.000000000000E+000
6.214035693994E+001 1.000000000000E+000
6.217178858230E+001 1.000000000000E+000
6.220322022465E+001 1.000000000000E+000
6.223465186701E+001 1.000000000000E+000
6.226608350937E+001 1.000000000000E+000
6.229751515173E+001 1.000000000000E+000
6.232894679408E+001 1.000000000000E+000
6.236037843644E+001 1.000000000000E+000
6.239181007880E+001 1.000000000000E+000
6.242324172115E+001 1.000000000000E+000
6.245467336351E+001 1.000000000000E+000
6.248610500587E+001 1.000000000000E+000
6.251753664823E+001 1.000000000000E+000
6.254896829058E+001 1.000000000000E+000
6.258039993294E+001 1.000000000000E+000
6.261183157530E+001 1.000000000000E+000
6.264326321765E+001 1.000000000000E+000
6.267469486001E+001 1.000000000000E+000
6.270612650237E+001 1.000000000000E+000
6.273755814472E+001 1.000000000000E+000
6.276898978708E+001 1.000000000000E+000
6.280042142944E+001 1.000000000000E+000
6.283185307180E+001 1.000000000000E+000
