0.000000000000E+000 1.000000000000E+000
3.143164235708E-002 9.842916542175E-001
6.286328471415E-002 9.686083973854E-001
9.429492707123E-002 9.529654199323E-001
1.257265694283E-001 9.373778781125E-001
1.571582117854E-001 9.218608792769E-001
1.885898541425E-001 9.064294671730E-001
2.200214964995E-001 8.910986072883E-001
2.514531388566E-001 8.758831722512E-001
2.828847812137E-001 8.607979273053E-001
3.143164235708E-001 8.458575158702E-001
3.457480659278E-001 8.310764452041E-001
3.771797082849E-001 8.164690721823E-001
4.086113506420E-001 8.020495892068E-001
4.400429929991E-001 7.878320102607E-001
4.714746353561E-001 7.738301571218E-001
5.029062777132E-001 7.600576457495E-001
5.343379200703E-001 7.465278728599E-001
5.657695624274E-001 7.332540027018E-001
5.972012047845E-001 7.202489540483E-001
6.286328471415E-001 7.075253874177E-001
6.600644894986E-001 6.950956925359E-001
6.914961318557E-001 6.829719760552E-001
7.229277742128E-001 6.711660495416E-001
7.543594165698E-001 6.596894177432E-001
7.857910589269E-001 6.485532671527E-001
8.172227012840E-001 6.377684548760E-001
8.486543436411E-001 6.273454978192E-001
8.800859859981E-001 6.172945622049E-001
9.115176283552E-001 6.076254534300E-001
9.429492707123E-001 5.983476062754E-001
9.743809130694E-001 5.894700754783E-001
1.005812555426E+000 5.810015266781E-001
1.037244197784E+000 5.729502277445E-001
1.068675840141E+000 5.653240404982E-001
1.100107482498E+000 5.581304128337E-001
1.131539124855E+000 5.513763712515E-001
1.162970767212E+000 5.450685138088E-001
1.194402409569E+000 5.392130034974E-001
1.225834051926E+000 5.338155620534E-001
1.257265694283E+000 5.288814642092E-001
1.288697336640E+000 5.244155323908E-001
1.320128978997E+000 5.204221318686E-001
1.351560621354E+000 5.169051663661E-001
1.382992263711E+000 5.138680741316E-001
1.414423906068E+000 5.113138244775E-001
1.445855548426E+000 5.092449147900E-001
1.477287190783E+000 5.076633680150E-001
1.508718833140E+000 5.065707306196E-001
1.540150475497E+000 5.059680710350E-001
1.571582117854E+000 5.058559785794E-001
1.603013760211E+000 5.062345628647E-001
1.634445402568E+000 5.071034536857E-001
1.665877044925E+000 5.084618013934E-001
1.697308687282E+000 5.103082777510E-001
1.728740329639E+000 5.126410772716E-001
1.760171971996E+000 5.154579190376E-001
1.791603614353E+000 5.187560489975E-001
1.823035256710E+000 5.225322427390E-001
1.854466899068E+000 5.267828087355E-001
1.885898541425E+000 5.315035920608E-001
1.917330183782E+000 5.366899785699E-001
1.948761826139E+000 5.423368995396E-001
1.980193468496E+000 5.484388367645E-001
2.011625110853E+000 5.549898281024E-001
2.043056753210E+000 5.619834734637E-001
2.074488395567E+000 5.694129412363E-001
2.105920037924E+000 5.772709751417E-001
2.137351680281E+000 5.855499015117E-001
2.168783322638E+000 5.942416369801E-001
2.200214964995E+000 6.033376965795E-001
2.231646607352E+000 6.128292022345E-001
2.263078249710E+000 6.227068916427E-001
2.294509892067E+000 6.329611275331E-001
2.325941534424E+000 6.435819072918E-001
2.357373176781E+000 6.545588729450E-001
2.388804819138E+000 6.658813214877E-001
2.420236461495E+000 6.775382155480E-001
2.451668103852E+000 6.895181943745E-001
2.483099746209E+000 7.018095851353E-001
2.514531388566E+000 7.144004145169E-001
2.545963030923E+000 7.272784206100E-001
2.577394673280E+000 7.404310650695E-001
2.608826315637E+000 7.538455455370E-001
2.640257957994E+000 7.675088083106E-001
2.671689600352E+000 7.814075612508E-001
2.703121242709E+000 7.955282869074E-001
2.734552885066E+000 8.098572558545E-001
2.765984527423E+000 8.243805402192E-001
2.797416169780E+000 8.390840273905E-001
2.828847812137E+000 8.539534338944E-001
2.860279454494E+000 8.689743194192E-001
2.891711096851E+000 8.841321009798E-001
2.923142739208E+000 8.994120672032E-001
2.954574381565E+000 9.147993927231E-001
2.986006023922E+000 9.302791526683E-001
3.017437666279E+000 9.458363372297E-001
3.048869308636E+000 9.614558662925E-001
3.080300950993E+000 9.771226041185E-001
3.111732593351E+000 9.928213740630E-001
3.143164235708E+000 1.008536973314E+000
3.174595878065E+000 1.024254187639E+000
3.206027520422E+000 1.039957806117E+000
3.237459162779E+000 1.055632635862E+000
3.268890805136E+000 1.071263516694E+000
3.300322447493E+000 1.086835335774E+000
3.331754089850E+000 1.102333042166E+000
3.363185732207E+000 1.117741661319E+000
3.394617374564E+000 1.133046309469E+000
3.426049016921E+000 1.148232207921E+000
3.457480659278E+000 1.163284697223E+000
3.488912301635E+000 1.178189251202E+000
3.520343943993E+000 1.192931490855E+000
3.551775586350E+000 1.207497198088E+000
3.583207228707E+000 1.221872329280E+000
3.614638871064E+000 1.236043028661E+000
3.646070513421E+000 1.249995641503E+000
3.677502155778E+000 1.263716727099E+000
3.708933798135E+000 1.277193071523E+000
3.740365440492E+000 1.290411700166E+000
3.771797082849E+000 1.303359890023E+000
3.803228725206E+000 1.316025181735E+000
3.834660367563E+000 1.328395391363E+000
3.866092009920E+000 1.340458621895E+000
3.897523652277E+000 1.352203274466E+000
3.928955294635E+000 1.363618059285E+000
3.960386936992E+000 1.374692006267E+000
3.991818579349E+000 1.385414475343E+000
4.023250221706E+000 1.395775166461E+000
4.054681864063E+000 1.405764129250E+000
4.086113506420E+000 1.415371772355E+000
4.117545148777E+000 1.424588872419E+000
4.148976791134E+000 1.433406582723E+000
4.180408433491E+000 1.441816441458E+000
4.211840075848E+000 1.449810379636E+000
4.243271718205E+000 1.457380728627E+000
4.274703360562E+000 1.464520227314E+000
4.306135002919E+000 1.471222028870E+000
4.337566645277E+000 1.477479707137E+000
4.368998287634E+000 1.483287262618E+000
4.400429929991E+000 1.488639128054E+000
4.431861572348E+000 1.493530173616E+000
4.463293214705E+000 1.497955711668E+000
4.494724857062E+000 1.501911501131E+000
4.526156499419E+000 1.505393751421E+000
4.557588141776E+000 1.508399125974E+000
4.589019784133E+000 1.510924745343E+000
4.620451426490E+000 1.512968189871E+000
4.651883068847E+000 1.514527501941E+000
4.683314711204E+000 1.515601187785E+000
4.714746353561E+000 1.516188218882E+000
4.746177995919E+000 1.516288032900E+000
4.777609638276E+000 1.515900534226E+000
4.809041280633E+000 1.515026094052E+000
4.840472922990E+000 1.513665550031E+000
4.871904565347E+000 1.511820205499E+000
4.903336207704E+000 1.509491828266E+000
4.934767850061E+000 1.506682648975E+000
4.966199492418E+000 1.503395359034E+000
4.997631134775E+000 1.499633108113E+000
5.029062777132E+000 1.495399501221E+000
5.060494419489E+000 1.490698595360E+000
5.091926061846E+000 1.485534895748E+000
5.123357704203E+000 1.479913351640E+000
5.154789346561E+000 1.473839351715E+000
5.186220988918E+000 1.467318719070E+000
5.217652631275E+000 1.460357705796E+000
5.249084273632E+000 1.452962987156E+000
5.280515915989E+000 1.445141655359E+000
5.311947558346E+000 1.436901212956E+000
5.343379200703E+000 1.428249565830E+000
5.374810843060E+000 1.419195015816E+000
5.406242485417E+000 1.409746252949E+000
5.437674127774E+000 1.399912347330E+000
5.469105770131E+000 1.389702740640E+000
5.500537412488E+000 1.379127237301E+000
5.531969054845E+000 1.368195995278E+000
5.563400697203E+000 1.356919516551E+000
5.594832339560E+000 1.345308637255E+000
5.626263981917E+000 1.333374517490E+000
5.657695624274E+000 1.321128630823E+000
5.689127266631E+000 1.308582753478E+000
5.720558908988E+000 1.295748953239E+000
5.751990551345E+000 1.282639578057E+000
5.783422193702E+000 1.269267244381E+000
5.814853836059E+000 1.255644825233E+000
5.846285478416E+000 1.241785438011E+000
5.877717120773E+000 1.227702432056E+000
5.909148763130E+000 1.213409375989E+000
5.940580405487E+000 1.198920044810E+000
5.972012047845E+000 1.184248406801E+000
6.003443690202E+000 1.169408610218E+000
6.034875332559E+000 1.154414969805E+000
6.066306974916E+000 1.139281953120E+000
6.097738617273E+000 1.124024166712E+000
6.129170259630E+000 1.108656342138E+000
6.160601901987E+000 1.093193321845E+000
6.192033544344E+000 1.077650044930E+000
6.223465186701E+000 1.062041532787E+000
6.254896829058E+000 1.046382874656E+000
6.286328471415E+000 1.030689213089E+000
6.317760113772E+000 1.014975729350E+000
6.349191756129E+000 9.992576287474E-001
6.380623398487E+000 9.835501259393E-001
6.412055040844E+000 9.678684301989E-001
6.443486683201E+000 9.522277306720E-001
6.474918325558E+000 9.366431816343E-001
6.506349967915E+000 9.211298877625E-001
6.537781610272E+000 9.057028894368E-001
6.569213252629E+000 8.903771480861E-001
6.600644894986E+000 8.751675315927E-001
6.632076537343E+000 8.600887997694E-001
6.663508179700E+000 8.451555899258E-001
6.694939822057E+000 8.303824025352E-001
6.726371464414E+000 8.157835870196E-001
6.757803106771E+000 8.013733276656E-001
6.789234749129E+000 7.871656296858E-001
6.820666391486E+000 7.731743054404E-001
6.852098033843E+000 7.594129608328E-001
6.883529676200E+000 7.458949818938E-001
6.914961318557E+000 7.326335215673E-001
6.946392960914E+000 7.196414867130E-001
6.977824603271E+000 7.069315253375E-001
7.009256245628E+000 6.945160140692E-001
7.040687887985E+000 6.824070458894E-001
7.072119530342E+000 6.706164181323E-001
7.103551172699E+000 6.591556207674E-001
7.134982815056E+000 6.480358249757E-001
7.166414457413E+000 6.372678720338E-001
7.197846099771E+000 6.268622625154E-001
7.229277742128E+000 6.168291458240E-001
7.260709384485E+000 6.071783100668E-001
7.292141026842E+000 5.979191722816E-001
7.323572669199E+000 5.890607690262E-001
7.355004311556E+000 5.806117473422E-001
7.386435953913E+000 5.725803561016E-001
7.417867596270E+000 5.649744377462E-001
7.449299238627E+000 5.578014204296E-001
7.480730880984E+000 5.510683105686E-001
7.512162523341E+000 5.447816858148E-001
7.543594165698E+000 5.389476884516E-001
7.575025808055E+000 5.335720192256E-001
7.606457450413E+000 5.286599316189E-001
7.637889092770E+000 5.242162265680E-001
7.669320735127E+000 5.202452476359E-001
7.700752377484E+000 5.167508766430E-001
7.732184019841E+000 5.137365297601E-001
7.763615662198E+000 5.112051540702E-001
7.795047304555E+000 5.091592246010E-001
7.826478946912E+000 5.076007418325E-001
7.857910589269E+000 5.065312296819E-001
7.889342231626E+000 5.059517339682E-001
7.920773873983E+000 5.058628213591E-001
7.952205516340E+000 5.062645787995E-001
7.983637158697E+000 5.071566134241E-001
8.015068801055E+000 5.085380529535E-001
8.046500443412E+000 5.104075465724E-001
8.077932085769E+000 5.127632662912E-001
8.109363728126E+000 5.156029087869E-001
8.140795370483E+000 5.189236977228E-001
8.172227012840E+000 5.227223865446E-001
8.203658655197E+000 5.269952617482E-001
8.235090297554E+000 5.317381466173E-001
8.266521939911E+000 5.369464054256E-001
8.297953582268E+000 5.426149480989E-001
8.329385224625E+000 5.487382353329E-001
8.360816866982E+000 5.553102841595E-001
8.392248509339E+000 5.623246739568E-001
8.423680151696E+000 5.697745528949E-001
8.455111794054E+000 5.776526448115E-001
8.486543436411E+000 5.859512565088E-001
8.517975078768E+000 5.946622854645E-001
8.549406721125E+000 6.037772279474E-001
8.580838363482E+000 6.132871875291E-001
8.612270005839E+000 6.231828839833E-001
8.643701648196E+000 6.334546625615E-001
8.675133290553E+000 6.440925036359E-001
8.706564932910E+000 6.550860326990E-001
8.737996575267E+000 6.664245307084E-001
8.769428217624E+000 6.780969447669E-001
8.800859859981E+000 6.900918991241E-001
8.832291502338E+000 7.023977064909E-001
8.863723144696E+000 7.150023796515E-001
8.895154787053E+000 7.278936433623E-001
8.926586429410E+000 7.410589465255E-001
8.958018071767E+000 7.544854746227E-001
8.989449714124E+000 7.681601623964E-001
9.020881356481E+000 7.820697067668E-001
9.052312998838E+000 7.962005799689E-001
9.083744641195E+000 8.105390428965E-001
9.115176283552E+000 8.250711586403E-001
9.146607925909E+000 8.397828062047E-001
9.178039568266E+000 8.546596943900E-001
9.209471210623E+000 8.696873758254E-001
9.240902852980E+000 8.848512611385E-001
9.272334495338E+000 9.001366332468E-001
9.303766137695E+000 9.155286617570E-001
9.335197780052E+000 9.310124174571E-001
9.366629422409E+000 9.465728868873E-001
9.398061064766E+000 9.621949869745E-001
9.429492707123E+000 9.778635797166E-001
9.460924349480E+000 9.935634869013E-001
9.492355991837E+000 1.009279504845E+000
9.523787634194E+000 1.024996419140E+000
9.555219276551E+000 1.040699019387E+000
9.586650918908E+000 1.056372113915E+000
9.618082561265E+000 1.072000544451E+000
9.649514203622E+000 1.087569200753E+000
9.680945845980E+000 1.103063035167E+000
9.712377488337E+000 1.118467077110E+000
9.743809130694E+000 1.133766447458E+000
9.775240773051E+000 1.148946372833E+000
9.806672415408E+000 1.163992199763E+000
9.838104057765E+000 1.178889408714E+000
9.869535700122E+000 1.193623627979E+000
9.900967342479E+000 1.208180647402E+000
9.932398984836E+000 1.222546431933E+000
9.963830627193E+000 1.236707135005E+000
9.995262269550E+000 1.250649111711E+000
1.002669391191E+001 1.264358931769E+000
1.005812555426E+001 1.277823392279E+000
1.008955719662E+001 1.291029530243E+000
1.012098883898E+001 1.303964634841E+000
1.015242048134E+001 1.316616259459E+000
1.018385212369E+001 1.328972233459E+000
1.021528376605E+001 1.341020673659E+000
1.024671540841E+001 1.352749995553E+000
1.027814705076E+001 1.364148924214E+000
1.030957869312E+001 1.375206504917E+000
1.034101033548E+001 1.385912113433E+000
1.037244197784E+001 1.396255466013E+000
1.040387362019E+001 1.406226629037E+000
1.043530526255E+001 1.415816028333E+000
1.046673690491E+001 1.425014458148E+000
1.049816854726E+001 1.433813089758E+000
1.052960018962E+001 1.442203479738E+000
1.056103183198E+001 1.450177577843E+000
1.059246347433E+001 1.457727734535E+000
1.062389511669E+001 1.464846708119E+000
1.065532675905E+001 1.471527671500E+000
1.068675840141E+001 1.477764218541E+000
1.071819004376E+001 1.483550370041E+000
1.074962168612E+001 1.488880579292E+000
1.078105332848E+001 1.493749737247E+000
1.081248497083E+001 1.498153177271E+000
1.084391661319E+001 1.502086679480E+000
1.087534825555E+001 1.505546474661E+000
1.090677989791E+001 1.508529247777E+000
1.093821154026E+001 1.511032141043E+000
1.096964318262E+001 1.513052756581E+000
1.100107482498E+001 1.514589158647E+000
1.103250646733E+001 1.515639875425E+000
1.106393810969E+001 1.516203900394E+000
1.109536975205E+001 1.516280693263E+000
1.112680139441E+001 1.515870180472E+000
1.115823303676E+001 1.514972755257E+000
1.118966467912E+001 1.513589277290E+000
1.122109632148E+001 1.511721071878E+000
1.125252796383E+001 1.509369928736E+000
1.128395960619E+001 1.506538100322E+000
1.131539124855E+001 1.503228299750E+000
1.134682289090E+001 1.499443698270E+000
1.137825453326E+001 1.495187922320E+000
1.140968617562E+001 1.490465050162E+000
1.144111781798E+001 1.485279608090E+000
1.147254946033E+001 1.479636566219E+000
1.150398110269E+001 1.473541333868E+000
1.153541274505E+001 1.466999754523E+000
1.156684438740E+001 1.460018100399E+000
1.159827602976E+001 1.452603066598E+000
1.162970767212E+001 1.444761764865E+000
1.166113931448E+001 1.436501716963E+000
1.169257095683E+001 1.427830847648E+000
1.172400259919E+001 1.418757477272E+000
1.175543424155E+001 1.409290314008E+000
1.178686588390E+001 1.399438445703E+000
1.181829752626E+001 1.389211331376E+000
1.184972916862E+001 1.378618792359E+000
1.188116081097E+001 1.367671003083E+000
1.191259245333E+001 1.356378481540E+000
1.194402409569E+001 1.344752079398E+000
1.197545573805E+001 1.332802971805E+000
1.200688738040E+001 1.320542646868E+000
1.203831902276E+001 1.307982894838E+000
1.206975066512E+001 1.295135796992E+000
1.210118230747E+001 1.282013714227E+000
1.213261394983E+001 1.268629275385E+000
1.216404559219E+001 1.254995365306E+000
1.219547723455E+001 1.241125112627E+000
1.222690887690E+001 1.227031877336E+000
1.225834051926E+001 1.212729238092E+000
1.228977216162E+001 1.198230979322E+000
1.232120380397E+001 1.183551078112E+000
1.235263544633E+001 1.168703690887E+000
1.238406708869E+001 1.153703139918E+000
1.241549873105E+001 1.138563899641E+000
1.244693037340E+001 1.123300582827E+000
1.247836201576E+001 1.107927926589E+000
1.250979365812E+001 1.092460778261E+000
1.254122530047E+001 1.076914081152E+000
1.257265694283E+001 1.061302860186E+000
1.260408858519E+001 1.045642207449E+000
1.263552022754E+001 1.029947267651E+000
1.266695186990E+001 1.014233223522E+000
1.269838351226E+001 9.985152811439E-001
1.272981515462E+001 9.828086552514E-001
1.276124679697E+001 9.671285544987E-001
1.279267843933E+001 9.514901667164E-001
1.282411008169E+001 9.359086441682E-001
1.285554172404E+001 9.203990888244E-001
1.288697336640E+001 9.049765376648E-001
1.291840500876E+001 8.896559480275E-001
1.294983665112E+001 8.744521830156E-001
1.298126829347E+001 8.593799969797E-001
1.301269993583E+001 8.444540210868E-001
1.304413157819E+001 8.296887489940E-001
1.307556322054E+001 8.150985226384E-001
1.310699486290E+001 8.006975181599E-001
1.313842650526E+001 7.864997319700E-001
1.316985814762E+001 7.725189669810E-001
1.320128978997E+001 7.587688190104E-001
1.323272143233E+001 7.452626633741E-001
1.326415307469E+001 7.320136416824E-001
1.329558471704E+001 7.190346488526E-001
1.332701635940E+001 7.063383203519E-001
1.335844800176E+001 6.939370196838E-001
1.338987964411E+001 6.818428261319E-001
1.342131128647E+001 6.700675227724E-001
1.345274292883E+001 6.586225847705E-001
1.348417457119E+001 6.475191679712E-001
1.351560621354E+001 6.367680977972E-001
1.354703785590E+001 6.263798584667E-001
1.357846949826E+001 6.163645825414E-001
1.360990114061E+001 6.067320408170E-001
1.364133278297E+001 5.974916325672E-001
1.367276442533E+001 5.886523761503E-001
1.370419606769E+001 5.802228999907E-001
1.373562771004E+001 5.722114339443E-001
1.376705935240E+001 5.646258010566E-001
1.379849099476E+001 5.574734097234E-001
1.382992263711E+001 5.507612462625E-001
1.386135427947E+001 5.444958679047E-001
1.389278592183E+001 5.386833962115E-001
1.392421756418E+001 5.333295109272E-001
1.395564920654E+001 5.284394442718E-001
1.398708084890E+001 5.240179756815E-001
1.401851249126E+001 5.200694270023E-001
1.404994413361E+001 5.165976581424E-001
1.408137577597E+001 5.136060631877E-001
1.411280741833E+001 5.110975669854E-001
1.414423906068E+001 5.090746221988E-001
1.417567070304E+001 5.075392068377E-001
1.420710234540E+001 5.064928222656E-001
1.423853398776E+001 5.059364916875E-001
1.426996563011E+001 5.058707591188E-001
1.430139727247E+001 5.062956888376E-001
1.433282891483E+001 5.072108653193E-001
1.436426055718E+001 5.086153936558E-001
1.439569219954E+001 5.105079004568E-001
1.442712384190E+001 5.128865352337E-001
1.445855548426E+001 5.157489722632E-001
1.448998712661E+001 5.190924129302E-001
1.452141876897E+001 5.229135885452E-001
1.455285041133E+001 5.272087636352E-001
1.458428205368E+001 5.319737397030E-001
1.461571369604E+001 5.372038594513E-001
1.464714533840E+001 5.428940114666E-001
1.467857698075E+001 5.490386353581E-001
1.471000862311E+001 5.556317273452E-001
1.474144026547E+001 5.626668462879E-001
1.477287190783E+001 5.701371201539E-001
1.480430355018E+001 5.780352529135E-001
1.483573519254E+001 5.863535318565E-001
1.486716683490E+001 5.950838353226E-001
1.489859847725E+001 6.042176408356E-001
1.493003011961E+001 6.137460336343E-001
1.496146176197E+001 6.236597155889E-001
1.499289340433E+001 6.339490144950E-001
1.502432504668E+001 6.446038937333E-001
1.505575668904E+001 6.556139622856E-001
1.508718833140E+001 6.669684850961E-001
1.511861997375E+001 6.786563937665E-001
1.515005161611E+001 6.906662975731E-001
1.518148325847E+001 7.029864947952E-001
1.521291490083E+001 7.156049843411E-001
1.524434654318E+001 7.285094776607E-001
1.527577818554E+001 7.416874109307E-001
1.530720982790E+001 7.551259575010E-001
1.533864147025E+001 7.688120405876E-001
1.537007311261E+001 7.827323461997E-001
1.540150475497E+001 7.968733362870E-001
1.543293639732E+001 8.112212620935E-001
1.546436803968E+001 8.257621777039E-001
1.549579968204E+001 8.404819537690E-001
1.552723132440E+001 8.553662913950E-001
1.555866296675E+001 8.704007361834E-001
1.559009460911E+001 8.855706924063E-001
1.562152625147E+001 9.008614373041E-001
1.565295789382E+001 9.162581354885E-001
1.568438953618E+001 9.317458534394E-001
1.571582117854E+001 9.473095740790E-001
1.574725282090E+001 9.629342114085E-001
1.577868446325E+001 9.786046251951E-001
1.581011610561E+001 9.943056356914E-001
1.584154774797E+001 1.010022038376E+000
1.587297939032E+001 1.025738618697E+000
1.590441103268E+001 1.041440166812E+000
1.593584267504E+001 1.057111492295E+000
1.596727431739E+001 1.072737438814E+000
1.599870595975E+001 1.088302898758E+000
1.603013760211E+001 1.103792827787E+000
1.606156924447E+001 1.119192259315E+000
1.609300088682E+001 1.134486318894E+000
1.612443252918E+001 1.149660238490E+000
1.615586417154E+001 1.164699370646E+000
1.618729581389E+001 1.179589202498E+000
1.621872745625E+001 1.194315369664E+000
1.625015909861E+001 1.208863669954E+000
1.628159074097E+001 1.223220076925E+000
1.631302238332E+001 1.237370753239E+000
1.634445402568E+001 1.251302063837E+000
1.637588566804E+001 1.265000588894E+000
1.640731731039E+001 1.278453136563E+000
1.643874895275E+001 1.291646755482E+000
1.647018059511E+001 1.304568747044E+000
1.650161223747E+001 1.317206677410E+000
1.653304387982E+001 1.329548389262E+000
1.656447552218E+001 1.341582013279E+000
1.659590716454E+001 1.353295979334E+000
1.662733880689E+001 1.364679027391E+000
1.665877044925E+001 1.375720218107E+000
1.669020209161E+001 1.386408943113E+000
1.672163373396E+001 1.396734934986E+000
1.675306537632E+001 1.406688276879E+000
1.678449701868E+001 1.416259411825E+000
1.681592866104E+001 1.425439151687E+000
1.684736030339E+001 1.434218685762E+000
1.687879194575E+001 1.442589589020E+000
1.691022358811E+001 1.450543829982E+000
1.694165523046E+001 1.458073778216E+000
1.697308687282E+001 1.465172211462E+000
1.700451851518E+001 1.471832322371E+000
1.703595015754E+001 1.478047724844E+000
1.706738179989E+001 1.483812459984E+000
1.709881344225E+001 1.489121001648E+000
1.713024508461E+001 1.493968261582E+000
1.716167672696E+001 1.498349594162E+000
1.719310836932E+001 1.502260800705E+000
1.722454001168E+001 1.505698133380E+000
1.725597165404E+001 1.508658298681E+000
1.728740329639E+001 1.511138460492E+000
1.731883493875E+001 1.513136242721E+000
1.735026658111E+001 1.514649731499E+000
1.738169822346E+001 1.515677476964E+000
1.741312986582E+001 1.516218494600E+000
1.744456150818E+001 1.516272266157E+000
1.747599315053E+001 1.515838740125E+000
1.750742479289E+001 1.514918331787E+000
1.753885643525E+001 1.513511922831E+000
1.757028807761E+001 1.511620860534E+000
1.760171971996E+001 1.509246956510E+000
1.763315136232E+001 1.506392485027E+000
1.766458300468E+001 1.503060180902E+000
1.769601464703E+001 1.499253236955E+000
1.772744628939E+001 1.494975301048E+000
1.775887793175E+001 1.490230472695E+000
1.779030957411E+001 1.485023299252E+000
1.782174121646E+001 1.479358771690E+000
1.785317285882E+001 1.473242319953E+000
1.788460450118E+001 1.466679807906E+000
1.791603614353E+001 1.459677527873E+000
1.794746778589E+001 1.452242194781E+000
1.797889942825E+001 1.444380939898E+000
1.801033107060E+001 1.436101304181E+000
1.804176271296E+001 1.427411231246E+000
1.807319435532E+001 1.418319059941E+000
1.810462599768E+001 1.408833516559E+000
1.813605764003E+001 1.398963706677E+000
1.816748928239E+001 1.388719106631E+000
1.819892092475E+001 1.378109554640E+000
1.823035256710E+001 1.367145241584E+000
1.826178420946E+001 1.355836701441E+000
1.829321585182E+001 1.344194801392E+000
1.832464749418E+001 1.332230731606E+000
1.835607913653E+001 1.319955994711E+000
1.838751077889E+001 1.307382394957E+000
1.841894242125E+001 1.294522027088E+000
1.845037406360E+001 1.281387264923E+000
1.848180570596E+001 1.267990749669E+000
1.851323734832E+001 1.254345377957E+000
1.854466899068E+001 1.240464289636E+000
1.857610063303E+001 1.226360855309E+000
1.860753227539E+001 1.212048663649E+000
1.863896391775E+001 1.197541508481E+000
1.867039556010E+001 1.182853375661E+000
1.870182720246E+001 1.167998429755E+000
1.873325884482E+001 1.152991000531E+000
1.876469048717E+001 1.137845569273E+000
1.879612212953E+001 1.122576754940E+000
1.882755377189E+001 1.107199300171E+000
1.885898541425E+001 1.091728057156E+000
1.889041705660E+001 1.076177973382E+000
1.892184869896E+001 1.060564077271E+000
1.895328034132E+001 1.044901463725E+000
1.898471198367E+001 1.029205279579E+000
1.901614362603E+001 1.013490708994E+000
1.904757526839E+001 9.977729587934E-001
1.907900691075E+001 9.820672437560E-001
1.911043855310E+001 9.663887718842E-001
1.914187019546E+001 9.507527296602E-001
1.917330183782E+001 9.351742673033E-001
1.920473348017E+001 9.196684840439E-001
1.923616512253E+001 9.042504134293E-001
1.926759676489E+001 8.889350086738E-001
1.929902840725E+001 8.737371280695E-001
1.933046004960E+001 8.586715204718E-001
1.936189169196E+001 8.437528108737E-001
1.939332333432E+001 8.289954860841E-001
1.942475497667E+001 8.144138805239E-001
1.945618661903E+001 8.000221621554E-001
1.948761826139E+001 7.858343185581E-001
1.951904990374E+001 7.718641431660E-001
1.955048154610E+001 7.581252216808E-001
1.958191318846E+001 7.446309186742E-001
1.961334483082E+001 7.313943643935E-001
1.964477647317E+001 7.184284417855E-001
1.967620811553E+001 7.057457737500E-001
1.970763975789E+001 6.933587106384E-001
1.973907140024E+001 6.812793180095E-001
1.977050304260E+001 6.695193646556E-001
1.980193468496E+001 6.580903109123E-001
1.983336632732E+001 6.470032972634E-001
1.986479796967E+001 6.362691332540E-001
1.989622961203E+001 6.258982867232E-001
1.992766125439E+001 6.159008733685E-001
1.995909289674E+001 6.062866466525E-001
1.999052453910E+001 5.970649880635E-001
2.002195618146E+001 5.882448977402E-001
2.005338782381E+001 5.798349854709E-001
2.008481946617E+001 5.718434620767E-001
2.011625110853E+001 5.642781311893E-001
2.014768275089E+001 5.571463814302E-001
2.017911439324E+001 5.504551790024E-001
2.021054603560E+001 5.442110607016E-001
2.024197767796E+001 5.384201273534E-001
2.027340932031E+001 5.330880376870E-001
2.030484096267E+001 5.282200026487E-001
2.033627260503E+001 5.238207801637E-001
2.036770424739E+001 5.198946703512E-001
2.039913588974E+001 5.164455111986E-001
2.043056753210E+001 5.134766746993E-001
2.046199917446E+001 5.109910634579E-001
2.049343081681E+001 5.089911077680E-001
2.052486245917E+001 5.074787631647E-001
2.055629410153E+001 5.064555084545E-001
2.058772574389E+001 5.059223442260E-001
2.061915738624E+001 5.058797918413E-001
2.065058902860E+001 5.063278929112E-001
2.068202067096E+001 5.072662092529E-001
2.071345231331E+001 5.086938233316E-001
2.074488395567E+001 5.106093391851E-001
2.077631559803E+001 5.130108838299E-001
2.080774724038E+001 5.158961091480E-001
2.083917888274E+001 5.192621942515E-001
2.087061052510E+001 5.231058483236E-001
2.090204216746E+001 5.274233139306E-001
2.093347380981E+001 5.322103708038E-001
2.096490545217E+001 5.374623400855E-001
2.099633709453E+001 5.431740890343E-001
2.102776873688E+001 5.493400361852E-001
2.105920037924E+001 5.559541569586E-001
2.109063202160E+001 5.630099897111E-001
2.112206366396E+001 5.705006422232E-001
2.115349530631E+001 5.784187986139E-001
2.118492694867E+001 5.867567266783E-001
2.121635859103E+001 5.955062856359E-001
2.124779023338E+001 6.046589342849E-001
2.127922187574E+001 6.142057395508E-001
2.131065351810E+001 6.241373854213E-001
2.134208516045E+001 6.344441822576E-001
2.137351680281E+001 6.451160764710E-001
2.140494844517E+001 6.561426605562E-001
2.143638008753E+001 6.675131834675E-001
2.146781172988E+001 6.792165613302E-001
2.149924337224E+001 6.912413884726E-001
2.153067501460E+001 7.035759487683E-001
2.156210665695E+001 7.162082272765E-001
2.159353829931E+001 7.291259221673E-001
2.162496994167E+001 7.423164569200E-001
2.165640158403E+001 7.557669927813E-001
2.168783322638E+001 7.694644414692E-001
2.171926486874E+001 7.833954781114E-001
2.175069651110E+001 7.975465544022E-001
2.178212815345E+001 8.119039119658E-001
2.181355979581E+001 8.264535959118E-001
2.184499143817E+001 8.411814685682E-001
2.187642308053E+001 8.560732233785E-001
2.190785472288E+001 8.711143989479E-001
2.193928636524E+001 8.862903932253E-001
2.197071800760E+001 9.015864778059E-001
2.200214964995E+001 9.169878123388E-001
2.203358129231E+001 9.324794590285E-001
2.206501293467E+001 9.480463972115E-001
2.209644457702E+001 9.636735379965E-001
2.212787621938E+001 9.793457389524E-001
2.215930786174E+001 9.950478188299E-001
2.219073950410E+001 1.010764572302E+000
2.222217114645E+001 1.026480784708E+000
2.225360278881E+001 1.042181246791E+000
2.228503443117E+001 1.057850769406E+000
2.231646607352E+001 1.073474198195E+000
2.234789771588E+001 1.089036428208E+000
2.237932935824E+001 1.104522418452E+000
2.241076100060E+001 1.119917206371E+000
2.244219264295E+001 1.135205922224E+000
2.247362428531E+001 1.150373803355E+000
2.250505592767E+001 1.165406208349E+000
2.253648757002E+001 1.180288631048E+000
2.256791921238E+001 1.195006714420E+000
2.259935085474E+001 1.209546264277E+000
2.263078249710E+001 1.223893262808E+000
2.266221413945E+001 1.238033881936E+000
2.269364578181E+001 1.251954496479E+000
2.272507742417E+001 1.265641697096E+000
2.275650906652E+001 1.279082303021E+000
2.278794070888E+001 1.292263374557E+000
2.281937235124E+001 1.305172225336E+000
2.285080399359E+001 1.317796434319E+000
2.288223563595E+001 1.330123857536E+000
2.291366727831E+001 1.342142639550E+000
2.294509892067E+001 1.353841224639E+000
2.297653056302E+001 1.365208367680E+000
2.300796220538E+001 1.376233144734E+000
2.303939384774E+001 1.386904963318E+000
2.307082549009E+001 1.397213572354E+000
2.310225713245E+001 1.407149071789E+000
2.313368877481E+001 1.416701921880E+000
2.316512041717E+001 1.425862952128E+000
2.319655205952E+001 1.434623369866E+000
2.322798370188E+001 1.442974768481E+000
2.325941534424E+001 1.450909135270E+000
2.329084698659E+001 1.458418858928E+000
2.332227862895E+001 1.465496736646E+000
2.335371027131E+001 1.472135980832E+000
2.338514191366E+001 1.478330225437E+000
2.341657355602E+001 1.484073531887E+000
2.344800519838E+001 1.489360394609E+000
2.347943684074E+001 1.494185746156E+000
2.351086848309E+001 1.498544961921E+000
2.354230012545E+001 1.502433864435E+000
2.357373176781E+001 1.505848727253E+000
2.360516341016E+001 1.508786278410E+000
2.363659505252E+001 1.511243703465E+000
2.366802669488E+001 1.513218648112E+000
2.369945833724E+001 1.514709220367E+000
2.373088997959E+001 1.515713992322E+000
2.376232162195E+001 1.516232001469E+000
2.379375326431E+001 1.516262751598E+000
2.382518490666E+001 1.515806213252E+000
2.385661654902E+001 1.514862823759E+000
2.388804819138E+001 1.513433486821E+000
2.391947983374E+001 1.511519571682E+000
2.395091147609E+001 1.509122911850E+000
2.398234311845E+001 1.506245803402E+000
2.401377476081E+001 1.502891002848E+000
2.404520640316E+001 1.499061724575E+000
2.407663804552E+001 1.494761637859E+000
2.410806968788E+001 1.489994863458E+000
2.413950133023E+001 1.484765969783E+000
2.417093297259E+001 1.479079968648E+000
2.420236461495E+001 1.472942310611E+000
2.423379625731E+001 1.466358879903E+000
2.426522789966E+001 1.459335988946E+000
2.429665954202E+001 1.451880372478E+000
2.432809118438E+001 1.443999181272E+000
2.435952282673E+001 1.435699975468E+000
2.439095446909E+001 1.426990717521E+000
2.442238611145E+001 1.417879764760E+000
2.445381775381E+001 1.408375861582E+000
2.448524939616E+001 1.398488131270E+000
2.451668103852E+001 1.388226067459E+000
2.454811268088E+001 1.377599525236E+000
2.457954432323E+001 1.366618711908E+000
2.461097596559E+001 1.355294177416E+000
2.464240760795E+001 1.343636804431E+000
2.467383925031E+001 1.331657798123E+000
2.470527089266E+001 1.319368675612E+000
2.473670253502E+001 1.306781255125E+000
2.476813417738E+001 1.293907644845E+000
2.479956581973E+001 1.280760231491E+000
2.483099746209E+001 1.267351668604E+000
2.486242910445E+001 1.253694864582E+000
2.489386074680E+001 1.239802970456E+000
2.492529238916E+001 1.225689367419E+000
2.495672403152E+001 1.211367654125E+000
2.498815567388E+001 1.196851633768E+000
2.501958731623E+001 1.182155300948E+000
2.505101895859E+001 1.167292828340E+000
2.508245060095E+001 1.152278553178E+000
2.511388224330E+001 1.137126963562E+000
2.514531388566E+001 1.121852684609E+000
2.517674552802E+001 1.106470464454E+000
2.520817717038E+001 1.090995160108E+000
2.523960881273E+001 1.075441723206E+000
2.527104045509E+001 1.059825185638E+000
2.530247209745E+001 1.044160645085E+000
2.533390373980E+001 1.028463250475E+000
2.536533538216E+001 1.012748187369E+000
2.539676702452E+001 9.970306632995E-001
2.542819866687E+001 9.813258930553E-001
2.545963030923E+001 9.656490839547E-001
2.549106195159E+001 9.500154210983E-001
2.552249359395E+001 9.344400526280E-001
2.555392523630E+001 9.189380750019E-001
2.558535687866E+001 9.035245183019E-001
2.561678852102E+001 8.882143315859E-001
2.564822016337E+001 8.730223683026E-001
2.567965180573E+001 8.579633717803E-001
2.571108344809E+001 8.430519608059E-001
2.574251509045E+001 8.283026153082E-001
2.577394673280E+001 8.137296621608E-001
2.580537837516E+001 7.993472611170E-001
2.583681001752E+001 7.851693908937E-001
2.586824165987E+001 7.712098354164E-001
2.589967330223E+001 7.574821702410E-001
2.593110494459E+001 7.439997491654E-001
2.596253658695E+001 7.307756910455E-001
2.599396822930E+001 7.178228668287E-001
2.602539987166E+001 7.051538868195E-001
2.605683151402E+001 6.927810881900E-001
2.608826315637E+001 6.807165227473E-001
2.611969479873E+001 6.689719449740E-001
2.615112644109E+001 6.575588003504E-001
2.618255808344E+001 6.464882139745E-001
2.621398972580E+001 6.357709794897E-001
2.624542136816E+001 6.254175483329E-001
2.627685301052E+001 6.154380193148E-001
2.630828465287E+001 6.058421285429E-001
2.633971629523E+001 5.966392396995E-001
2.637114793759E+001 5.878383346835E-001
2.640257957994E+001 5.794480046277E-001
2.643401122230E+001 5.714764413005E-001
2.646544286466E+001 5.639314289018E-001
2.649687450702E+001 5.568203362626E-001
2.652830614937E+001 5.501501094556E-001
2.655973779173E+001 5.439272648263E-001
2.659116943409E+001 5.381578824512E-001
2.662260107644E+001 5.328476000316E-001
2.665403271880E+001 5.280016072282E-001
2.668546436116E+001 5.236246404446E-001
2.671689600352E+001 5.197209780637E-001
2.674832764587E+001 5.162944361435E-001
2.677975928823E+001 5.133483645770E-001
2.681119093059E+001 5.108856437200E-001
2.684262257294E+001 5.089086814908E-001
2.687405421530E+001 5.074194109454E-001
2.690548585766E+001 5.064192883301E-001
2.693691750001E+001 5.059092916146E-001
2.696834914237E+001 5.058899195068E-001
2.699978078473E+001 5.063611909499E-001
2.703121242709E+001 5.073226451040E-001
2.706264406944E+001 5.087733418097E-001
2.709407571180E+001 5.107118625360E-001
2.712550735416E+001 5.131363118087E-001
2.715693899651E+001 5.160443191202E-001
2.718837063887E+001 5.194330413165E-001
2.721980228123E+001 5.232991654606E-001
2.725123392359E+001 5.276389121666E-001
2.728266556594E+001 5.324480394039E-001
2.731409720830E+001 5.377218467648E-001
2.734552885066E+001 5.434551801914E-001
2.737696049301E+001 5.496424371572E-001
2.740839213537E+001 5.562775722971E-001
2.743982377773E+001 5.633541034787E-001
2.747125542008E+001 5.708651183106E-001
2.750268706244E+001 5.788032810774E-001
2.753411870480E+001 5.871608400961E-001
2.756555034716E+001 5.959296354847E-001
2.759698198951E+001 6.051011073345E-001
2.762841363187E+001 6.146663042780E-001
2.765984527423E+001 6.246158924409E-001
2.769127691658E+001 6.349401647717E-001
2.772270855894E+001 6.456290507349E-001
2.775414020130E+001 6.566721263608E-001
2.778557184366E+001 6.680586246380E-001
2.781700348601E+001 6.797774462402E-001
2.784843512837E+001 6.918171705726E-001
2.787986677073E+001 7.041660671293E-001
2.791129841308E+001 7.168121071469E-001
2.794273005544E+001 7.297429755431E-001
2.797416169780E+001 7.429460831276E-001
2.800559334016E+001 7.564085790720E-001
2.803702498251E+001 7.701173636255E-001
2.806845662487E+001 7.840591010633E-001
2.809988826723E+001 7.982202328543E-001
2.813131990958E+001 8.125869910333E-001
2.816275155194E+001 8.271454117653E-001
2.819418319430E+001 8.418813490864E-001
2.822561483665E+001 8.567804888088E-001
2.825704647901E+001 8.718283625732E-001
2.828847812137E+001 8.870103620373E-001
2.831990976373E+001 9.023117531828E-001
2.835134140608E+001 9.177176907292E-001
2.838277304844E+001 9.332132326375E-001
2.841420469080E+001 9.487833546915E-001
2.844563633315E+001 9.644129651401E-001
2.847706797551E+001 9.800869193869E-001
2.850849961787E+001 9.957900347133E-001
2.853993126023E+001 1.011507105020E+000
2.857136290258E+001 1.027222915570E+000
2.860279454494E+001 1.042922257725E+000
2.863422618730E+001 1.058589943654E+000
2.866565782965E+001 1.074210821005E+000
2.869708947201E+001 1.089769787520E+000
2.872852111437E+001 1.105251805589E+000
2.875995275673E+001 1.120641916716E+000
2.879138439908E+001 1.135925255898E+000
2.882281604144E+001 1.151087065891E+000
2.885424768380E+001 1.166112711352E+000
2.888567932615E+001 1.180987692857E+000
2.891711096851E+001 1.195697660761E+000
2.894854261087E+001 1.210228428902E+000
2.897997425322E+001 1.224565988134E+000
2.901140589558E+001 1.238696519670E+000
2.904283753794E+001 1.252606408234E+000
2.907426918030E+001 1.266282254997E+000
2.910570082265E+001 1.279710890302E+000
2.913713246501E+001 1.292879386144E+000
2.916856410737E+001 1.305775068421E+000
2.919999574972E+001 1.318385528920E+000
2.923142739208E+001 1.330698637046E+000
2.926285903444E+001 1.342702551269E+000
2.929429067680E+001 1.354385730297E+000
2.932572231915E+001 1.365736943944E+000
2.935715396151E+001 1.376745283699E+000
2.938858560387E+001 1.387400172985E+000
2.942001724622E+001 1.397691377091E+000
2.945144888858E+001 1.407609012780E+000
2.948288053094E+001 1.417143557550E+000
2.951431217329E+001 1.426285858562E+000
2.954574381565E+001 1.435027141203E+000
2.957717545801E+001 1.443359017293E+000
2.960860710037E+001 1.451273492925E+000
2.964003874272E+001 1.458762975934E+000
2.967147038508E+001 1.465820282975E+000
2.970290202744E+001 1.472438646232E+000
2.973433366979E+001 1.478611719718E+000
2.976576531215E+001 1.484333585191E+000
2.979719695451E+001 1.489598757662E+000
2.982862859687E+001 1.494402190501E+000
2.986006023922E+001 1.498739280129E+000
2.989149188158E+001 1.502605870299E+000
2.992292352394E+001 1.505998255958E+000
2.995435516629E+001 1.508913186690E+000
2.998578680865E+001 1.511347869735E+000
3.001721845101E+001 1.513299972580E+000
3.004865009337E+001 1.514767625125E+000
3.008008173572E+001 1.515749421421E+000
3.011151337808E+001 1.516244420971E+000
3.014294502044E+001 1.516252149607E+000
3.017437666279E+001 1.515772599923E+000
3.020580830515E+001 1.514806231292E+000
3.023723994751E+001 1.513353969428E+000
3.026867158986E+001 1.511417205537E+000
3.030010323222E+001 1.508997795022E+000
3.033153487458E+001 1.506098055760E+000
3.036296651694E+001 1.502720765951E+000
3.039439815929E+001 1.498869161540E+000
3.042582980165E+001 1.494546933211E+000
3.045726144401E+001 1.489758222958E+000
3.048869308636E+001 1.484507620234E+000
3.052012472872E+001 1.478800157689E+000
3.055155637108E+001 1.472641306484E+000
3.058298801344E+001 1.466036971201E+000
3.061441965579E+001 1.458993484349E+000
3.064585129815E+001 1.451517600463E+000
3.067728294051E+001 1.443616489805E+000
3.070871458286E+001 1.435297731683E+000
3.074014622522E+001 1.426569307375E+000
3.077157786758E+001 1.417439592672E+000
3.080300950993E+001 1.407917350056E+000
3.083444115229E+001 1.398011720500E+000
3.086587279465E+001 1.387732214916E+000
3.089730443701E+001 1.377088705241E+000
3.092873607936E+001 1.366091415183E+000
3.096016772172E+001 1.354750910628E+000
3.099159936408E+001 1.343078089714E+000
3.102303100643E+001 1.331084172584E+000
3.105446264879E+001 1.318780690831E+000
3.108589429115E+001 1.306179476630E+000
3.111732593351E+001 1.293292651583E+000
3.114875757586E+001 1.280132615277E+000
3.118018921822E+001 1.266712033563E+000
3.121162086058E+001 1.253043826579E+000
3.124305250293E+001 1.239141156510E+000
3.127448414529E+001 1.225017415109E+000
3.130591578765E+001 1.210686210985E+000
3.133734743001E+001 1.196161356670E+000
3.136877907236E+001 1.181456855478E+000
3.140021071472E+001 1.166586888162E+000
3.143164235708E+001 1.151565799393E+000
3.146307399943E+001 1.136408084056E+000
3.149450564179E+001 1.121128373397E+000
3.152593728415E+001 1.105741421009E+000
3.155736892650E+001 1.090262088699E+000
3.158880056886E+001 1.074705332215E+000
3.162023221122E+001 1.059086186881E+000
3.165166385358E+001 1.043419753127E+000
3.168309549593E+001 1.027721181940E+000
3.171452713829E+001 1.012005660252E+000
3.174595878065E+001 9.962883962661E-001
3.177739042300E+001 9.805846047518E-001
3.180882206536E+001 9.649094923093E-001
3.184025370772E+001 9.492782426251E-001
3.187168535008E+001 9.337060017307E-001
3.190311699243E+001 9.182078632792E-001
3.193454863479E+001 9.027988538540E-001
3.196598027715E+001 8.874939183246E-001
3.199741191950E+001 8.723079052636E-001
3.202884356186E+001 8.572555524400E-001
3.206027520422E+001 8.423514724026E-001
3.209170684658E+001 8.276101381688E-001
3.212313848893E+001 8.130458690330E-001
3.215457013129E+001 7.986728165088E-001
3.218600177365E+001 7.845049504197E-001
3.221743341600E+001 7.705560451525E-001
3.224886505836E+001 7.568396660873E-001
3.228029670072E+001 7.433691562190E-001
3.231172834307E+001 7.301576229826E-001
3.234315998543E+001 7.172179252982E-001
3.237459162779E+001 7.045626608471E-001
3.240602327015E+001 6.922041535943E-001
3.243745491250E+001 6.801544415694E-001
3.246888655486E+001 6.684252649184E-001
3.250031819722E+001 6.570280542414E-001
3.253174983957E+001 6.459739192257E-001
3.256318148193E+001 6.352736375890E-001
3.259461312429E+001 6.249376443428E-001
3.262604476665E+001 6.149760213883E-001
3.265747640900E+001 6.053984874566E-001
3.268890805136E+001 5.962143884029E-001
3.272033969372E+001 5.874326878663E-001
3.275177133607E+001 5.790619583048E-001
3.278320297843E+001 5.711103724156E-001
3.281463462079E+001 5.635856949500E-001
3.284606626314E+001 5.564952749317E-001
3.287749790550E+001 5.498460382874E-001
3.290892954786E+001 5.436444808980E-001
3.294036119022E+001 5.378966620771E-001
3.297179283257E+001 5.326081984855E-001
3.300322447493E+001 5.277842584869E-001
3.303465611729E+001 5.234295569524E-001
3.306608775964E+001 5.195483505190E-001
3.309751940200E+001 5.161444333067E-001
3.312895104436E+001 5.132211331009E-001
3.316038268672E+001 5.107813080018E-001
3.319181432907E+001 5.088273435472E-001
3.322324597143E+001 5.073611503095E-001
3.325467761379E+001 5.063841619715E-001
3.328610925614E+001 5.058973338819E-001
3.331754089850E+001 5.059011420931E-001
3.334897254086E+001 5.063955828811E-001
3.338040418322E+001 5.073801727495E-001
3.341183582557E+001 5.088539489167E-001
3.344326746793E+001 5.108154702858E-001
3.347469911029E+001 5.132628188963E-001
3.350613075264E+001 5.161936018564E-001
3.353756239500E+001 5.196049537524E-001
3.356899403736E+001 5.234935395343E-001
3.360042567971E+001 5.278555578728E-001
3.363185732207E+001 5.326867449847E-001
3.366328896443E+001 5.379823789229E-001
3.369472060679E+001 5.437372843247E-001
3.372615224914E+001 5.499458376146E-001
3.375758389150E+001 5.566019726553E-001
3.378901553386E+001 5.636991868403E-001
3.382044717621E+001 5.712305476217E-001
3.385187881857E+001 5.791886994658E-001
3.388331046093E+001 5.875658712292E-001
3.391474210329E+001 5.963538839463E-001
3.394617374564E+001 6.055441590211E-001
3.397760538800E+001 6.151277268125E-001
3.400903703036E+001 6.250952356056E-001
3.404046867271E+001 6.354369609574E-001
3.407190031507E+001 6.461428154082E-001
3.410333195743E+001 6.572023585471E-001
3.413476359979E+001 6.686048074210E-001
3.416619524214E+001 6.803390472763E-001
3.419762688450E+001 6.923936426209E-001
3.422905852686E+001 7.047568485952E-001
3.426049016921E+001 7.174166226398E-001
3.429192181157E+001 7.303606364474E-001
3.432335345393E+001 7.435762881856E-001
3.435478509628E+001 7.570507149796E-001
3.438621673864E+001 7.707708056386E-001
3.441764838100E+001 7.847232136148E-001
3.444908002336E+001 7.988943701814E-001
3.448051166571E+001 8.132704978140E-001
3.451194330807E+001 8.278376237637E-001
3.454337495043E+001 8.425815938061E-001
3.457480659278E+001 8.574880861530E-001
3.460623823514E+001 8.725426255125E-001
3.463766987750E+001 8.877305972827E-001
3.466910151986E+001 9.030372618645E-001
3.470053316221E+001 9.184477690796E-001
3.473196480457E+001 9.339471726785E-001
3.476339644693E+001 9.495204449248E-001
3.479482808928E+001 9.651524912402E-001
3.482625973164E+001 9.808281648961E-001
3.485769137400E+001 9.965322817377E-001
3.488912301635E+001 1.012249634925E+000
3.492055465871E+001 1.027965009679E+000
3.495198630107E+001 1.043663198013E+000
3.498341794343E+001 1.059329013443E+000
3.501484958578E+001 1.074947305653E+000
3.504628122814E+001 1.090502975113E+000
3.507771287050E+001 1.105980987625E+000
3.510914451285E+001 1.121366388788E+000
3.514057615521E+001 1.136644318368E+000
3.517200779757E+001 1.151800024561E+000
3.520343943993E+001 1.166818878132E+000
3.523487108228E+001 1.181686386421E+000
3.526630272464E+001 1.196388207199E+000
3.529773436700E+001 1.210910162362E+000
3.532916600935E+001 1.225238251457E+000
3.536059765171E+001 1.239358665017E+000
3.539202929407E+001 1.253257797700E+000
3.542346093643E+001 1.266922261221E+000
3.545489257878E+001 1.280338897055E+000
3.548632422114E+001 1.293494788920E+000
3.551775586350E+001 1.306377275005E+000
3.554918750585E+001 1.318973959950E+000
3.558061914821E+001 1.331272726559E+000
3.561205079057E+001 1.343261747236E+000
3.564348243292E+001 1.354929495142E+000
3.567491407528E+001 1.366264755051E+000
3.570634571764E+001 1.377256633904E+000
3.573777736000E+001 1.387894571052E+000
3.576920900235E+001 1.398168348173E+000
3.580064064471E+001 1.408068098864E+000
3.583207228707E+001 1.417584317889E+000
3.586350392942E+001 1.426707870085E+000
3.589493557178E+001 1.435429998909E+000
3.592636721414E+001 1.443742334635E+000
3.595779885650E+001 1.451636902168E+000
3.598923049885E+001 1.459106128496E+000
3.602066214121E+001 1.466142849759E+000
3.605209378357E+001 1.472740317925E+000
3.608352542592E+001 1.478892207084E+000
3.611495706828E+001 1.484592619340E+000
3.614638871064E+001 1.489836090298E+000
3.617782035300E+001 1.494617594156E+000
3.620925199535E+001 1.498932548372E+000
3.624068363771E+001 1.502776817929E+000
3.627211528007E+001 1.506146719176E+000
3.630354692242E+001 1.509039023251E+000
3.633497856478E+001 1.511450959080E+000
3.636641020714E+001 1.513380215949E+000
3.639784184949E+001 1.514824945647E+000
3.642927349185E+001 1.515783764185E+000
3.646070513421E+001 1.516255753081E+000
3.649213677657E+001 1.516240460207E+000
3.652356841892E+001 1.515737900211E+000
3.655500006128E+001 1.514748554506E+000
3.658643170364E+001 1.513273370821E+000
3.661786334599E+001 1.511313762320E+000
3.664929498835E+001 1.508871606294E+000
3.668072663071E+001 1.505949242417E+000
3.671215827307E+001 1.502549470574E+000
3.674358991542E+001 1.498675548261E+000
3.677502155778E+001 1.494331187563E+000
3.680645320014E+001 1.489520551699E+000
3.683788484249E+001 1.484248251158E+000
3.686931648485E+001 1.478519339412E+000
3.690074812721E+001 1.472339308215E+000
3.693217976956E+001 1.465714082489E+000
3.696361141192E+001 1.458650014816E+000
3.699504305428E+001 1.451153879512E+000
3.702647469664E+001 1.443232866317E+000
3.705790633899E+001 1.434894573688E+000
3.708933798135E+001 1.426147001709E+000
3.712076962371E+001 1.416998544618E+000
3.715220126606E+001 1.407457982964E+000
3.718363290842E+001 1.397534475389E+000
3.721506455078E+001 1.387237550063E+000
3.724649619314E+001 1.376577095750E+000
3.727792783549E+001 1.365563352541E+000
3.730935947785E+001 1.354206902243E+000
3.734079112021E+001 1.342518658438E+000
3.737222276256E+001 1.330509856221E+000
3.740365440492E+001 1.318192041630E+000
3.743508604728E+001 1.305577060767E+000
3.746651768964E+001 1.292677048623E+000
3.749794933199E+001 1.279504417629E+000
3.752938097435E+001 1.266071845922E+000
3.756081261671E+001 1.252392265349E+000
3.759224425906E+001 1.238478849221E+000
3.762367590142E+001 1.224344999825E+000
3.765510754378E+001 1.210004335694E+000
3.768653918613E+001 1.195470678671E+000
3.771797082849E+001 1.180758040752E+000
3.774940247085E+001 1.165880610741E+000
3.778083411321E+001 1.150852740712E+000
3.781226575556E+001 1.135688932305E+000
3.784369739792E+001 1.120403822862E+000
3.787512904028E+001 1.105012171409E+000
3.790656068263E+001 1.089528844509E+000
3.793799232499E+001 1.073968801996E+000
3.796942396735E+001 1.058347082594E+000
3.800085560971E+001 1.042678789450E+000
3.803228725206E+001 1.026979075578E+000
3.806371889442E+001 1.011263129245E+000
3.809515053678E+001 9.955461592970E-001
3.812658217913E+001 9.798433804478E-001
3.815801382149E+001 9.641699985474E-001
3.818944546385E+001 9.485411958352E-001
3.822087710621E+001 9.329721161997E-001
3.825230874856E+001 9.174778504560E-001
3.828374039092E+001 9.020734216568E-001
3.831517203328E+001 8.867737704501E-001
3.834660367563E+001 8.715937405002E-001
3.837803531799E+001 8.565480639847E-001
3.840946696035E+001 8.416513471824E-001
3.844089860270E+001 8.269180561674E-001
3.847233024506E+001 8.123625026239E-001
3.850376188742E+001 7.979988297944E-001
3.853519352978E+001 7.838409985786E-001
3.856662517213E+001 7.699027737939E-001
3.859805681449E+001 7.561977106152E-001
3.862948845685E+001 7.427391412047E-001
3.866092009920E+001 7.295401615478E-001
3.869235174156E+001 7.166136185087E-001
3.872378338392E+001 7.039720971178E-001
3.875521502628E+001 6.916279081061E-001
3.878664666863E+001 6.795930756981E-001
3.881807831099E+001 6.678793256780E-001
3.884950995335E+001 6.564980737399E-001
3.888094159570E+001 6.454604141361E-001
3.891237323806E+001 6.347771086344E-001
3.894380488042E+001 6.244585757975E-001
3.897523652277E+001 6.145148805951E-001
3.900666816513E+001 6.049557243598E-001
3.903809980749E+001 5.957904350990E-001
3.906953144985E+001 5.870279581721E-001
3.910096309220E+001 5.786768473432E-001
3.913239473456E+001 5.707452562200E-001
3.916382637692E+001 5.632409300876E-001
3.919525801927E+001 5.561711981461E-001
3.922668966163E+001 5.495429661607E-001
3.925812130399E+001 5.433627095332E-001
3.928955294635E+001 5.376364668007E-001
3.932098458870E+001 5.323698335708E-001
3.935241623106E+001 5.275679568987E-001
3.938384787342E+001 5.232355301125E-001
3.941527951577E+001 5.193767880935E-001
3.944671115813E+001 5.159955030155E-001
3.947814280049E+001 5.130949805485E-001
3.950957444285E+001 5.106780565310E-001
3.954100608520E+001 5.087470941145E-001
3.957243772756E+001 5.073039813839E-001
3.960386936992E+001 5.063501294552E-001
3.963530101227E+001 5.058864710540E-001
3.966673265463E+001 5.059134595760E-001
3.969816429699E+001 5.064310686298E-001
3.972959593934E+001 5.074387920640E-001
3.976102758170E+001 5.089356444767E-001
3.979245922406E+001 5.109201622084E-001
3.982389086642E+001 5.133904048168E-001
3.985532250877E+001 5.163439570310E-001
3.988675415113E+001 5.197779311841E-001
3.991818579349E+001 5.236889701208E-001
3.994961743584E+001 5.280732505766E-001
3.998104907820E+001 5.329264870257E-001
4.001248072056E+001 5.382439359918E-001
4.004391236292E+001 5.440204008191E-001
4.007534400527E+001 5.502502368959E-001
4.010677564763E+001 5.569273573262E-001
4.013820728999E+001 5.640452390439E-001
4.016963893234E+001 5.715969293600E-001
4.020107057470E+001 5.795750529394E-001
4.023250221706E+001 5.879718191952E-001
4.026393385942E+001 5.967790300969E-001
4.029536550177E+001 6.059880883799E-001
4.032679714413E+001 6.155900061500E-001
4.035822878649E+001 6.255754138721E-001
4.038966042884E+001 6.359345697337E-001
4.042109207120E+001 6.466573693732E-001
4.045252371356E+001 6.577333559618E-001
4.048395535591E+001 6.691517306286E-001
4.051538699827E+001 6.809013632176E-001
4.054681864063E+001 6.929708033644E-001
4.057825028299E+001 7.053482918821E-001
4.060968192534E+001 7.180217724419E-001
4.064111356770E+001 7.309789035384E-001
4.067254521006E+001 7.442070707257E-001
4.070397685241E+001 7.576933991104E-001
4.073540849477E+001 7.714247660906E-001
4.076684013713E+001 7.853878143252E-001
4.079827177949E+001 7.995689649214E-001
4.082970342184E+001 8.139544308260E-001
4.086113506420E+001 8.285302304068E-001
4.089256670656E+001 8.432822012098E-001
4.092399834891E+001 8.581960138781E-001
4.095542999127E+001 8.732571862188E-001
4.098686163363E+001 8.884510974023E-001
4.101829327598E+001 9.037630022806E-001
4.104972491834E+001 9.191780458102E-001
4.108115656070E+001 9.346812775637E-001
4.111258820306E+001 9.502576663173E-001
4.114401984541E+001 9.658921146981E-001
4.117545148777E+001 9.815694738782E-001
4.120688313013E+001 9.972745582992E-001
4.123831477248E+001 1.012992160415E+000
4.126974641484E+001 1.028707065435E+000
4.130117805720E+001 1.044404066058E+000
4.133260969956E+001 1.060067977178E+000
4.136404134191E+001 1.075683650551E+000
4.139547298427E+001 1.091235989406E+000
4.142690462663E+001 1.106709962989E+000
4.145833626898E+001 1.122090621026E+000
4.148976791134E+001 1.137363108083E+000
4.152119955370E+001 1.152512677830E+000
4.155263119606E+001 1.167524707169E+000
4.158406283841E+001 1.182384710236E+000
4.161549448077E+001 1.197078352248E+000
4.164692612313E+001 1.211591463189E+000
4.167835776548E+001 1.225910051331E+000
4.170978940784E+001 1.240020316553E+000
4.174122105020E+001 1.253908663479E+000
4.177265269255E+001 1.267561714391E+000
4.180408433491E+001 1.280966321931E+000
4.183551597727E+001 1.294109581563E+000
4.186694761963E+001 1.306978843795E+000
4.189837926198E+001 1.319561726146E+000
4.192981090434E+001 1.331846124843E+000
4.196124254670E+001 1.343820226251E+000
4.199267418905E+001 1.355472518007E+000
4.202410583141E+001 1.366791799869E+000
4.205553747377E+001 1.377767194253E+000
4.208696911613E+001 1.388388156460E+000
4.211840075848E+001 1.398644484578E+000
4.214983240084E+001 1.408526329060E+000
4.218126404320E+001 1.418024201954E+000
4.221269568555E+001 1.427128985791E+000
4.224412732791E+001 1.435831942122E+000
4.227555897027E+001 1.444124719686E+000
4.230699061262E+001 1.451999362219E+000
4.233842225498E+001 1.459448315881E+000
4.236985389734E+001 1.466464436306E+000
4.240128553970E+001 1.473040995264E+000
4.243271718205E+001 1.479171686935E+000
4.246414882441E+001 1.484850633779E+000
4.249558046677E+001 1.490072392009E+000
4.252701210912E+001 1.494831956659E+000
4.255844375148E+001 1.499124766236E+000
4.258987539384E+001 1.502946706959E+000
4.262130703620E+001 1.506294116589E+000
4.265273867855E+001 1.509163787823E+000
4.268417032091E+001 1.511552971280E+000
4.271560196327E+001 1.513459378048E+000
4.274703360562E+001 1.514881181810E+000
4.277846524798E+001 1.515817020542E+000
4.280989689034E+001 1.516265997774E+000
4.284132853270E+001 1.516227683422E+000
4.287276017505E+001 1.515702114188E+000
4.290419181741E+001 1.514689793526E+000
4.293562345977E+001 1.513191691172E+000
4.296705510212E+001 1.511209242250E+000
4.299848674448E+001 1.508744345935E+000
4.302991838684E+001 1.505799363691E+000
4.306135002919E+001 1.502377117084E+000
4.309278167155E+001 1.498480885154E+000
4.312421331391E+001 1.494114401376E+000
4.315564495627E+001 1.489281850189E+000
4.318707659862E+001 1.483987863109E+000
4.321850824098E+001 1.478237514418E+000
4.324993988334E+001 1.472036316450E+000
4.328137152569E+001 1.465390214459E+000
4.331280316805E+001 1.458305581082E+000
4.334423481041E+001 1.450789210404E+000
4.337566645277E+001 1.442848311628E+000
4.340709809512E+001 1.434490502345E+000
4.343852973748E+001 1.425723801429E+000
4.346996137984E+001 1.416556621545E+000
4.350139302219E+001 1.406997761290E+000
4.353282466455E+001 1.397056396960E+000
4.356425630691E+001 1.386742073959E+000
4.359568794927E+001 1.376064697860E+000
4.362711959162E+001 1.365034525115E+000
4.365855123398E+001 1.353662153428E+000
4.368998287634E+001 1.341958511804E+000
4.372141451869E+001 1.329934850266E+000
4.375284616105E+001 1.317602729273E+000
4.378427780341E+001 1.304974008827E+000
4.381570944576E+001 1.292060837286E+000
4.384714108812E+001 1.278875639898E+000
4.387857273048E+001 1.265431107055E+000
4.391000437284E+001 1.251740182290E+000
4.394143601519E+001 1.237816050013E+000
4.397286765755E+001 1.223672123012E+000
4.400429929991E+001 1.209322029720E+000
4.403573094226E+001 1.194779601258E+000
4.406716258462E+001 1.180058858276E+000
4.409859422698E+001 1.165173997597E+000
4.413002586934E+001 1.150139378669E+000
4.416145751169E+001 1.134969509858E+000
4.419288915405E+001 1.119679034568E+000
4.422432079641E+001 1.104282717225E+000
4.425575243876E+001 1.088795429120E+000
4.428718408112E+001 1.073232134138E+000
4.431861572348E+001 1.057607874372E+000
4.435004736583E+001 1.041937755653E+000
4.438147900819E+001 1.026236932991E+000
4.441291065055E+001 1.010520595954E+000
4.444434229291E+001 9.948039539958E-001
4.447577393526E+001 9.791022217449E-001
4.450720557762E+001 9.634306042673E-001
4.453863721998E+001 9.478042823224E-001
4.457006886233E+001 9.322383976224E-001
4.460150050469E+001 9.167480381121E-001
4.463293214705E+001 9.013482232801E-001
4.466436378941E+001 8.860538895212E-001
4.469579543176E+001 8.708798755589E-001
4.472722707412E+001 8.558409079469E-001
4.475865871648E+001 8.409515866621E-001
4.479009035883E+001 8.262263708039E-001
4.482152200119E+001 8.116795644147E-001
4.485295364355E+001 7.973253024351E-001
4.488438528591E+001 7.831775368101E-001
4.491581692826E+001 7.692500227579E-001
4.494724857062E+001 7.555563052178E-001
4.497868021298E+001 7.421097054901E-001
4.501011185533E+001 7.289233080819E-001
4.504154349769E+001 7.160099477731E-001
4.507297514005E+001 7.033821969151E-001
4.510440678240E+001 6.910523529777E-001
4.513583842476E+001 6.790324263541E-001
4.516727006712E+001 6.673341284403E-001
4.519870170948E+001 6.559688599991E-001
4.523013335183E+001 6.449476998231E-001
4.526156499419E+001 6.342813937064E-001
4.529299663655E+001 6.239803437400E-001
4.532442827890E+001 6.140545979391E-001
4.535585992126E+001 6.045138402166E-001
4.538729156362E+001 5.953673807114E-001
4.541872320598E+001 5.866241464829E-001
4.545015484833E+001 5.782926725822E-001
4.548158649069E+001 5.703810935095E-001
4.551301813305E+001 5.628971350662E-001
4.554444977540E+001 5.558481066123E-001
4.557588141776E+001 5.492408937365E-001
4.560731306012E+001 5.430819513465E-001
4.563874470248E+001 5.373772971895E-001
4.567017634483E+001 5.321325058076E-001
4.570160798719E+001 5.273527029356E-001
4.573303962955E+001 5.230425603483E-001
4.576447127190E+001 5.192062911618E-001
4.579590291426E+001 5.158476455950E-001
4.582733455662E+001 5.129699071952E-001
4.585876619897E+001 5.105758895328E-001
4.589019784133E+001 5.086679333680E-001
4.592162948369E+001 5.072479042936E-001
4.595306112605E+001 5.063171908556E-001
4.598449276840E+001 5.058767031545E-001
4.601592441076E+001 5.059268719283E-001
4.604735605312E+001 5.064676481185E-001
4.607878769547E+001 5.074985029195E-001
4.611021933783E+001 5.090184283113E-001
4.614165098019E+001 5.110259380753E-001
4.617308262255E+001 5.135190692916E-001
4.620451426490E+001 5.164953843158E-001
4.623594590726E+001 5.199519732341E-001
4.626737754962E+001 5.238854567936E-001
4.629880919197E+001 5.282919898032E-001
4.633024083433E+001 5.331672650037E-001
4.636167247669E+001 5.385065174009E-001
4.639310411904E+001 5.443045290573E-001
4.642453576140E+001 5.505556343373E-001
4.645596740376E+001 5.572537256003E-001
4.648739904612E+001 5.643922593349E-001
4.651883068847E+001 5.719642627270E-001
4.655026233083E+001 5.799623406560E-001
4.658169397319E+001 5.883786831095E-001
4.661312561554E+001 5.972050730101E-001
4.664455725790E+001 6.064328944439E-001
4.667598890026E+001 6.160531412835E-001
4.670742054262E+001 6.260564261947E-001
4.673885218497E+001 6.364329900172E-001
4.677028382733E+001 6.471727115099E-001
4.680171546969E+001 6.582651174494E-001
4.683314711204E+001 6.696993930710E-001
4.686457875440E+001 6.814643928410E-001
4.689601039676E+001 6.935486515482E-001
4.692744203912E+001 7.059403957043E-001
4.695887368147E+001 7.186275552378E-001
4.699030532383E+001 7.315977754729E-001
4.702173696619E+001 7.448384293775E-001
4.705316860854E+001 7.583366300685E-001
4.708460025090E+001 7.720792435617E-001
4.711603189326E+001 7.860529017520E-001
4.714746353561E+001 8.002440156106E-001
4.717889517797E+001 8.146387885858E-001
4.721032682033E+001 8.292232301928E-001
4.724175846269E+001 8.439831697790E-001
4.727319010504E+001 8.589042704502E-001
4.730462174740E+001 8.739720431441E-001
4.733605338976E+001 8.891718608354E-001
4.736748503211E+001 9.044889728598E-001
4.739891667447E+001 9.199085193407E-001
4.743034831683E+001 9.354155457052E-001
4.746177995919E+001 9.509950172747E-001
4.749321160154E+001 9.666318339147E-001
4.752464324390E+001 9.823108447308E-001
4.755607488626E+001 9.980168627941E-001
4.758750652861E+001 1.013734679884E+000
4.761893817097E+001 1.029449081233E+000
4.765036981333E+001 1.045144860258E+000
4.768180145569E+001 1.060806833264E+000
4.771323309804E+001 1.076419854110E+000
4.774466474040E+001 1.091968828818E+000
4.777609638276E+001 1.107438730109E+000
4.780752802511E+001 1.122814611867E+000
4.783895966747E+001 1.138081623494E+000
4.787039130983E+001 1.153225024162E+000
4.790182295218E+001 1.168230196944E+000
4.793325459454E+001 1.183082662799E+000
4.796468623690E+001 1.197768094422E+000
4.799611787926E+001 1.212272329919E+000
4.802754952161E+001 1.226581386310E+000
4.805898116397E+001 1.240681472855E+000
4.809041280633E+001 1.254559004170E+000
4.812184444868E+001 1.268200613135E+000
4.815327609104E+001 1.281593163583E+000
4.818470773340E+001 1.294723762753E+000
4.821613937576E+001 1.307579773499E+000
4.824757101811E+001 1.320148826244E+000
4.827900266047E+001 1.332418830667E+000
4.831043430283E+001 1.344377987114E+000
4.834186594518E+001 1.356014797726E+000
4.837329758754E+001 1.367318077268E+000
4.840472922990E+001 1.378276963651E+000
4.843616087225E+001 1.388880928150E+000
4.846759251461E+001 1.399119785285E+000
4.849902415697E+001 1.408983702385E+000
4.853045579933E+001 1.418463208801E+000
4.856188744168E+001 1.427549204779E+000
4.859331908404E+001 1.436232969979E+000
4.862475072640E+001 1.444506171627E+000
4.865618236875E+001 1.452360872304E+000
4.868761401111E+001 1.459789537355E+000
4.871904565347E+001 1.466785041927E+000
4.875047729583E+001 1.473340677606E+000
4.878190893818E+001 1.479450158673E+000
4.881334058054E+001 1.485107627957E+000
4.884477222290E+001 1.490307662290E+000
4.887620386525E+001 1.495045277553E+000
4.890763550761E+001 1.499315933309E+000
4.893906714997E+001 1.503115537027E+000
4.897049879233E+001 1.506440447881E+000
4.900193043468E+001 1.509287480140E+000
4.903336207704E+001 1.511653906117E+000
4.906479371940E+001 1.513537458708E+000
4.909622536175E+001 1.514936333495E+000
4.912765700411E+001 1.515849190420E+000
4.915908864647E+001 1.516275155028E+000
4.919052028882E+001 1.516213819281E+000
4.922195193118E+001 1.515665241932E+000
4.925338357354E+001 1.514629948476E+000
4.928481521590E+001 1.513108930657E+000
4.931624685825E+001 1.511103645552E+000
4.934767850061E+001 1.508616014217E+000
4.937911014297E+001 1.505648419904E+000
4.941054178532E+001 1.502203705849E+000
4.944197342768E+001 1.498285172633E+000
4.947340507004E+001 1.493896575114E+000
4.950483671240E+001 1.489042118941E+000
4.953626835475E+001 1.483726456644E+000
4.956769999711E+001 1.477954683309E+000
4.959913163947E+001 1.471732331839E+000
4.963056328182E+001 1.465065367802E+000
4.966199492418E+001 1.457960183883E+000
4.969342656654E+001 1.450423593921E+000
4.972485820890E+001 1.442462826563E+000
4.975628985125E+001 1.434085518520E+000
4.978772149361E+001 1.425299707440E+000
4.981915313597E+001 1.416113824398E+000
4.985058477832E+001 1.406536686021E+000
4.988201642068E+001 1.396577486236E+000
4.991344806304E+001 1.386245787665E+000
4.994487970539E+001 1.375551512669E+000
4.997631134775E+001 1.364504934037E+000
5.000774299011E+001 1.353116665351E+000
5.003917463247E+001 1.341397651013E+000
5.007060627482E+001 1.329359155952E+000
5.010203791718E+001 1.317012755024E+000
5.013346955954E+001 1.304370322106E+000
5.016490120189E+001 1.291444018896E+000
5.019633284425E+001 1.278246283433E+000
5.022776448661E+001 1.264789818340E+000
5.025919612897E+001 1.251087578805E+000
5.029062777132E+001 1.237152760311E+000
5.032205941368E+001 1.222998786119E+000
5.035349105604E+001 1.208639294531E+000
5.038492269839E+001 1.194088125918E+000
5.041635434075E+001 1.179359309555E+000
5.044778598311E+001 1.164467050252E+000
5.047921762546E+001 1.149425714803E+000
5.051064926782E+001 1.134249818265E+000
5.054208091018E+001 1.118954010077E+000
5.057351255254E+001 1.103553060030E+000
5.060494419489E+001 1.088061844113E+000
5.063637583725E+001 1.072495330230E+000
5.066780747961E+001 1.056868563811E+000
5.069923912196E+001 1.041196653337E+000
5.073067076432E+001 1.025494755781E+000
5.076210240668E+001 1.009778061981E+000
5.079353404904E+001 9.940617819663E-001
5.082496569139E+001 9.783611302455E-001
5.085639733375E+001 9.626913110680E-001
5.088782897611E+001 9.470675036804E-001
5.091926061846E+001 9.315048475863E-001
5.095069226082E+001 9.160184278268E-001
5.098212390318E+001 9.006232602944E-001
5.101355554554E+001 8.853342770974E-001
5.104498718789E+001 8.701663119864E-001
5.107641883025E+001 8.551340858592E-001
5.110785047261E+001 8.402521923590E-001
5.113928211496E+001 8.255350835786E-001
5.117071375732E+001 8.109970558872E-001
5.120214539968E+001 7.966522358928E-001
5.123357704203E+001 7.825145665547E-001
5.126500868439E+001 7.685977934618E-001
5.129644032675E+001 7.549154512882E-001
5.132787196911E+001 7.414808504427E-001
5.135930361146E+001 7.283070639254E-001
5.139073525382E+001 7.154069144032E-001
5.142216689618E+001 7.027929615213E-001
5.145359853853E+001 6.904774894606E-001
5.148503018089E+001 6.784724947565E-001
5.151646182325E+001 6.667896743908E-001
5.154789346561E+001 6.554404141701E-001
5.157932510796E+001 6.444357774022E-001
5.161075675032E+001 6.337864938840E-001
5.164218839268E+001 6.235029492111E-001
5.167362003503E+001 6.135951744226E-001
5.170505167739E+001 6.040728359895E-001
5.173648331975E+001 5.949452261614E-001
5.176791496210E+001 5.862212536781E-001
5.179934660446E+001 5.779094348586E-001
5.183077824682E+001 5.700178850772E-001
5.186220988918E+001 5.625543106347E-001
5.189364153153E+001 5.555260010345E-001
5.192507317389E+001 5.489398216729E-001
5.195650481625E+001 5.428022069497E-001
5.198793645860E+001 5.371191538085E-001
5.201936810096E+001 5.318962157132E-001
5.205079974332E+001 5.271384970669E-001
5.208223138568E+001 5.228506480804E-001
5.211366302803E+001 5.190368600954E-001
5.214509467039E+001 5.157008613675E-001
5.217652631275E+001 5.128459133138E-001
5.220795795510E+001 5.104748072302E-001
5.223938959746E+001 5.085898614803E-001
5.227082123982E+001 5.071929191607E-001
5.230225288218E+001 5.062853462444E-001
5.233368452453E+001 5.058680302047E-001
5.236511616689E+001 5.059413791210E-001
5.239654780925E+001 5.065053212674E-001
5.242797945160E+001 5.075593051856E-001
5.245941109396E+001 5.091023002399E-001
5.249084273632E+001 5.111327976559E-001
5.252227437867E+001 5.136488120402E-001
5.255370602103E+001 5.166478833806E-001
5.258513766339E+001 5.201270795230E-001
5.261656930575E+001 5.240829991243E-001
5.264800094810E+001 5.285117750756E-001
5.267943259046E+001 5.334090783940E-001
5.271086423282E+001 5.387701225779E-001
5.274229587517E+001 5.445896684198E-001
5.277372751753E+001 5.508620292732E-001
5.280515915989E+001 5.575810767665E-001
5.283659080225E+001 5.647402469575E-001
5.286802244460E+001 5.723325469226E-001
5.289945408696E+001 5.803505617723E-001
5.293088572932E+001 5.887864620863E-001
5.296231737167E+001 5.976320117583E-001
5.299374901403E+001 6.068785762448E-001
5.302518065639E+001 6.165171312052E-001
5.305661229875E+001 6.265382715269E-001
5.308804394110E+001 6.369322207237E-001
5.311947558346E+001 6.476888406975E-001
5.315090722582E+001 6.587976418536E-001
5.318233886817E+001 6.702477935576E-001
5.321377051053E+001 6.820281349227E-001
5.324520215289E+001 6.941271859166E-001
5.327663379524E+001 7.065331587754E-001
5.330806543760E+001 7.192339697119E-001
5.333949707996E+001 7.322172509071E-001
5.337092872232E+001 7.454703627705E-001
5.340236036467E+001 7.589804064579E-001
5.343379200703E+001 7.727342366318E-001
5.346522364939E+001 7.867184744524E-001
5.349665529174E+001 8.009195207850E-001
5.352808693410E+001 8.153235696096E-001
5.355951857646E+001 8.299166216195E-001
5.359095021882E+001 8.446844979946E-001
5.362238186117E+001 8.596128543349E-001
5.365381350353E+001 8.746871947404E-001
5.368524514589E+001 8.898928860221E-001
5.371667678824E+001 9.052151720312E-001
5.374810843060E+001 9.206391880907E-001
5.377954007296E+001 9.361499755148E-001
5.381097171531E+001 9.517324962028E-001
5.384240335767E+001 9.673716472914E-001
5.387383500003E+001 9.830522758523E-001
5.390526664239E+001 9.987591936193E-001
5.393669828474E+001 1.014477191731E+000
5.396812992710E+001 1.030191055474E+000
5.399956156946E+001 1.045885579017E+000
5.403099321181E+001 1.061545580109E+000
5.406242485417E+001 1.077155914745E+000
5.409385649653E+001 1.092701491769E+000
5.412528813889E+001 1.108167287416E+000
5.415671978124E+001 1.123538359755E+000
5.418815142360E+001 1.138799863055E+000
5.421958306596E+001 1.153937062026E+000
5.425101470831E+001 1.168935345937E+000
5.428244635067E+001 1.183780242609E+000
5.431387799303E+001 1.198457432240E+000
5.434530963539E+001 1.212952761086E+000
5.437674127774E+001 1.227252254952E+000
5.440817292010E+001 1.241342132504E+000
5.443960456246E+001 1.255208818378E+000
5.447103620481E+001 1.268838956081E+000
5.450246784717E+001 1.282219420665E+000
5.453389948953E+001 1.295337331172E+000
5.456533113188E+001 1.308180062829E+000
5.459676277424E+001 1.320735258987E+000
5.462819441660E+001 1.332990842803E+000
5.465962605896E+001 1.344935028632E+000
5.469105770131E+001 1.356556333139E+000
5.472248934367E+001 1.367843586119E+000
5.475392098603E+001 1.378785941006E+000
5.478535262838E+001 1.389372885067E+000
5.481678427074E+001 1.399594249277E+000
5.484821591310E+001 1.409440217860E+000
5.487964755546E+001 1.418901337491E+000
5.491107919781E+001 1.427968526150E+000
5.494251084017E+001 1.436633081624E+000
5.497394248253E+001 1.444886689643E+000
5.500537412488E+001 1.452721431648E+000
5.503680576724E+001 1.460129792190E+000
5.506823740960E+001 1.467104665939E+000
5.509966905196E+001 1.473639364311E+000
5.513110069431E+001 1.479727621702E+000
5.516253233667E+001 1.485363601324E+000
5.519396397903E+001 1.490541900637E+000
5.522539562138E+001 1.495257556381E+000
5.525682726374E+001 1.499506049184E+000
5.528825890610E+001 1.503283307771E+000
5.531969054845E+001 1.506585712741E+000
5.535112219081E+001 1.509410099936E+000
5.538255383317E+001 1.511753763374E+000
5.541398547553E+001 1.513614457762E+000
5.544541711788E+001 1.514990400583E+000
5.547684876024E+001 1.515880273749E+000
5.550828040260E+001 1.516283224824E+000
5.553971204495E+001 1.516198867812E+000
5.557114368731E+001 1.515627283522E+000
5.560257532967E+001 1.514569019484E+000
5.563400697203E+001 1.513025089451E+000
5.566543861438E+001 1.510996972450E+000
5.569687025674E+001 1.508486611414E+000
5.572830189910E+001 1.505496411376E+000
5.575973354145E+001 1.502029237240E+000
5.579116518381E+001 1.498088411117E+000
5.582259682617E+001 1.493677709242E+000
5.585402846852E+001 1.488801358466E+000
5.588546011088E+001 1.483464032323E+000
5.591689175324E+001 1.477670846691E+000
5.594832339560E+001 1.471427355031E+000
5.597975503795E+001 1.464739543215E+000
5.601118668031E+001 1.457613823959E+000
5.604261832267E+001 1.450057030843E+000
5.607404996502E+001 1.442076411946E+000
5.610548160738E+001 1.433679623080E+000
5.613691324974E+001 1.424874720651E+000
5.616834489210E+001 1.415670154126E+000
5.619977653445E+001 1.406074758144E+000
5.623120817681E+001 1.396097744244E+000
5.626263981917E+001 1.385748692246E+000
5.629407146152E+001 1.375037541277E+000
5.632550310388E+001 1.363974580444E+000
5.635693474624E+001 1.352570439182E+000
5.638836638860E+001 1.340836077270E+000
5.641979803095E+001 1.328782774516E+000
5.645122967331E+001 1.316422120151E+000
5.648266131567E+001 1.303766001900E+000
5.651409295802E+001 1.290826594778E+000
5.654552460038E+001 1.277616349587E+000
5.657695624274E+001 1.264147981154E+000
5.660838788509E+001 1.250434456297E+000
5.663981952745E+001 1.236488981540E+000
5.667125116981E+001 1.222324990593E+000
5.670268281217E+001 1.207956131594E+000
5.673411445452E+001 1.193396254138E+000
5.676554609688E+001 1.178659396094E+000
5.679697773924E+001 1.163759770228E+000
5.682840938159E+001 1.148711750650E+000
5.685984102395E+001 1.133529859077E+000
5.689127266631E+001 1.118228750949E+000
5.692270430867E+001 1.102823201397E+000
5.695413595102E+001 1.087328091071E+000
5.698556759338E+001 1.071758391861E+000
5.701699923574E+001 1.056129152505E+000
5.704843087809E+001 1.040455484101E+000
5.707986252045E+001 1.024752545551E+000
5.711129416281E+001 1.009035528930E+000
5.714272580517E+001 9.933196448123E-001
5.717415744752E+001 9.776201075512E-001
5.720558908988E+001 9.619521205479E-001
5.723702073224E+001 9.463308615031E-001
5.726845237459E+001 9.307714676787E-001
5.729988401695E+001 9.152890211795E-001
5.733131565931E+001 8.998985342691E-001
5.736274730166E+001 8.846149347371E-001
5.739417894402E+001 8.694530513285E-001
5.742561058638E+001 8.544275992534E-001
5.745704222874E+001 8.395531657890E-001
5.748847387109E+001 8.248441959902E-001
5.751990551345E+001 8.103149785216E-001
5.755133715581E+001 7.959796316274E-001
5.758276879816E+001 7.818520892512E-001
5.761420044052E+001 7.679460873215E-001
5.764563208288E+001 7.542751502179E-001
5.767706372524E+001 7.408525774285E-001
5.770849536759E+001 7.276914304170E-001
5.773992700995E+001 7.148045197097E-001
5.777135865231E+001 7.022043922172E-001
5.780279029466E+001 6.899033188048E-001
5.783422193702E+001 6.779132821233E-001
5.786565357938E+001 6.662459647145E-001
5.789708522173E+001 6.549127374031E-001
5.792851686409E+001 6.439246479881E-001
5.795994850645E+001 6.332924102448E-001
5.799138014881E+001 6.230263932509E-001
5.802281179116E+001 6.131366110463E-001
5.805424343352E+001 6.036327126393E-001
5.808567507588E+001 5.945239723692E-001
5.811710671823E+001 5.858192806361E-001
5.814853836059E+001 5.775271350081E-001
5.817997000295E+001 5.696556317155E-001
5.821140164531E+001 5.622124575410E-001
5.824283328766E+001 5.552048821153E-001
5.827426493002E+001 5.486397506270E-001
5.830569657238E+001 5.425234769533E-001
5.833712821473E+001 5.368620372211E-001
5.836855985709E+001 5.316609638033E-001
5.839999149945E+001 5.269253397601E-001
5.843142314181E+001 5.226597937279E-001
5.846285478416E+001 5.188684952644E-001
5.849428642652E+001 5.155551506535E-001
5.852571806888E+001 5.127229991749E-001
5.855714971123E+001 5.103748098438E-001
5.858858135359E+001 5.085128786218E-001
5.862001299595E+001 5.071390261054E-001
5.865144463830E+001 5.062545956914E-001
5.868287628066E+001 5.058604522237E-001
5.871430792302E+001 5.059569811222E-001
5.874573956538E+001 5.065440879943E-001
5.877717120773E+001 5.076211987297E-001
5.880860285009E+001 5.091872600795E-001
5.884003449245E+001 5.112407407167E-001
5.887146613480E+001 5.137796327793E-001
5.890289777716E+001 5.168014538925E-001
5.893432941952E+001 5.203032496685E-001
5.896576106188E+001 5.242815966817E-001
5.899719270423E+001 5.287326059140E-001
5.902862434659E+001 5.336519266688E-001
5.906005598895E+001 5.390347509476E-001
5.909148763130E+001 5.448758182846E-001
5.912291927366E+001 5.511694210353E-001
5.915435091602E+001 5.579094101106E-001
5.918578255838E+001 5.650892011525E-001
5.921721420073E+001 5.727017811434E-001
5.924864584309E+001 5.807397154418E-001
5.928007748545E+001 5.891951552364E-001
5.931150912780E+001 5.980598454110E-001
5.934294077016E+001 6.073251328114E-001
5.937437241252E+001 6.169819749040E-001
5.940580405487E+001 6.270209488190E-001
5.943723569723E+001 6.374322607657E-001
5.946866733959E+001 6.482057558120E-001
5.950009898195E+001 6.593309280151E-001
5.953153062430E+001 6.707969308947E-001
5.956296226666E+001 6.825925882360E-001
5.959439390902E+001 6.947064052110E-001
5.962582555137E+001 7.071265798062E-001
5.965725719373E+001 7.198410145457E-001
5.968868883609E+001 7.328373284944E-001
5.972012047845E+001 7.461028695317E-001
5.975155212080E+001 7.596247268803E-001
5.978298376316E+001 7.733897438786E-001
5.981441540552E+001 7.873845309817E-001
5.984584704787E+001 8.015954789787E-001
5.987727869023E+001 8.160087724118E-001
5.990871033259E+001 8.306104031831E-001
5.994014197494E+001 8.453861843362E-001
5.997157361730E+001 8.603217639966E-001
6.000300525966E+001 8.754026394581E-001
6.003443690202E+001 8.906141714003E-001
6.006586854437E+001 9.059415982220E-001
6.009730018673E+001 9.213700504782E-001
6.012873182909E+001 9.368845654028E-001
6.016016347144E+001 9.524701015056E-001
6.019159511380E+001 9.681115532275E-001
6.022302675616E+001 9.837937656393E-001
6.025445839852E+001 9.995015491697E-001
6.028589004087E+001 1.015219694349E+000
6.031732168323E+001 1.030932986554E+000
6.034875332559E+001 1.046626220734E+000
6.038018496794E+001 1.062284216116E+000
6.041161661030E+001 1.077891830864E+000
6.044304825266E+001 1.093433976679E+000
6.047447989502E+001 1.108895633335E+000
6.050591153737E+001 1.124261863126E+000
6.053734317973E+001 1.139517825217E+000
6.056877482209E+001 1.154648789884E+000
6.060020646444E+001 1.169640152630E+000
6.063163810680E+001 1.184477448161E+000
6.066306974916E+001 1.199146364216E+000
6.069450139151E+001 1.213632755227E+000
6.072593303387E+001 1.227922655813E+000
6.075736467623E+001 1.242002294076E+000
6.078879631859E+001 1.255858104703E+000
6.082022796094E+001 1.269476741854E+000
6.085165960330E+001 1.282845091830E+000
6.088309124566E+001 1.295950285501E+000
6.091452288801E+001 1.308779710492E+000
6.094595453037E+001 1.321321023115E+000
6.097738617273E+001 1.333562160023E+000
6.100881781509E+001 1.345491349606E+000
6.104024945744E+001 1.357097123081E+000
6.107168109980E+001 1.368368325295E+000
6.110311274216E+001 1.379294125226E+000
6.113454438451E+001 1.389864026156E+000
6.116597602687E+001 1.400067875536E+000
6.119740766923E+001 1.409895874506E+000
6.122883931159E+001 1.419338587084E+000
6.126027095394E+001 1.428386949005E+000
6.129170259630E+001 1.437032276199E+000
6.132313423866E+001 1.445266272917E+000
6.135456588101E+001 1.453081039480E+000
6.138599752337E+001 1.460469079656E+000
6.141742916573E+001 1.467423307655E+000
6.144886080808E+001 1.473937054738E+000
6.148029245044E+001 1.480004075428E+000
6.151172409280E+001 1.485618553332E+000
6.154315573516E+001 1.490775106550E+000
6.157458737751E+001 1.495468792689E+000
6.160601901987E+001 1.499695113454E+000
6.163745066223E+001 1.503450018832E+000
6.166888230458E+001 1.506729910858E+000
6.170031394694E+001 1.509531646951E+000
6.173174558930E+001 1.511852542838E+000
6.176317723166E+001 1.513690375045E+000
6.179460887401E+001 1.515043382959E+000
6.182604051637E+001 1.515910270465E+000
6.185747215873E+001 1.516290207144E+000
6.188890380108E+001 1.516182829048E+000
6.192033544344E+001 1.515588239037E+000
6.195176708580E+001 1.514507006682E+000
6.198319872815E+001 1.512940167736E+000
6.201463037051E+001 1.510889223175E+000
6.204606201287E+001 1.508356137804E+000
6.207749365523E+001 1.505343338435E+000
6.210892529758E+001 1.501853711631E+000
6.214035693994E+001 1.497890601028E+000
6.217178858230E+001 1.493457804230E+000
6.220322022465E+001 1.488559569279E+000
6.223465186701E+001 1.483200590706E+000
6.226608350937E+001 1.477386005171E+000
6.229751515173E+001 1.471121386679E+000
6.232894679408E+001 1.464412741394E+000
6.236037843644E+001 1.457266502051E+000
6.239181007880E+001 1.449689521957E+000
6.242324172115E+001 1.441689068605E+000
6.245467336351E+001 1.433272816895E+000
6.248610500587E+001 1.424448841972E+000
6.251753664823E+001 1.415225611680E+000
6.254896829058E+001 1.405611978648E+000
6.258039993294E+001 1.395617172012E+000
6.261183157530E+001 1.385250788768E+000
6.264326321765E+001 1.374522784786E+000
6.267469486001E+001 1.363443465473E+000
6.270612650237E+001 1.352023476094E+000
6.273755814472E+001 1.340273791778E+000
6.276898978708E+001 1.328205707194E+000
6.280042142944E+001 1.315830825920E+000
6.283185307180E+001 1.303161049507E+000
