0.000000000000E+000 1.000000000000E+000
3.143164235708E-002 9.842867664218E-001
6.286328471415E-002 9.685890554255E-001
9.429492707123E-002 9.529223742588E-001
1.257265694283E-001 9.373021995161E-001
1.571582117854E-001 9.217439618496E-001
1.885898541425E-001 9.062630307257E-001
2.200214964995E-001 8.908746992425E-001
2.514531388566E-001 8.755941690219E-001
2.828847812137E-001 8.604365351926E-001
3.143164235708E-001 8.454167714778E-001
3.457480659278E-001 8.305497154037E-001
3.771797082849E-001 8.158500536414E-001
4.086113506420E-001 8.013323074988E-001
4.400429929991E-001 7.870108185756E-001
4.714746353561E-001 7.728997345953E-001
5.029062777132E-001 7.590129954293E-001
5.343379200703E-001 7.453643193263E-001
5.657695624274E-001 7.319671893605E-001
5.972012047845E-001 7.188348401118E-001
6.286328471415E-001 7.059802445922E-001
6.600644894986E-001 6.934161014299E-001
6.914961318557E-001 6.811548223249E-001
7.229277742128E-001 6.692085197879E-001
7.543594165698E-001 6.575889951746E-001
7.857910589269E-001 6.463077270276E-001
8.172227012840E-001 6.353758597374E-001
8.486543436411E-001 6.248041925328E-001
8.800859859981E-001 6.146031688129E-001
9.115176283552E-001 6.047828658304E-001
9.429492707123E-001 5.953529847367E-001
9.743809130694E-001 5.863228409983E-001
1.005812555426E+000 5.777013551946E-001
1.037244197784E+000 5.694970442050E-001
1.068675840141E+000 5.617180127962E-001
1.100107482498E+000 5.543719456151E-001
1.131539124855E+000 5.474660995975E-001
1.162970767212E+000 5.410072967996E-001
1.194402409569E+000 5.350019176583E-001
1.225834051926E+000 5.294558946882E-001
1.257265694283E+000 5.243747066213E-001
1.288697336640E+000 5.197633729948E-001
1.320128978997E+000 5.156264491920E-001
1.351560621354E+000 5.119680219426E-001
1.382992263711E+000 5.087917052854E-001
1.414423906068E+000 5.061006369984E-001
1.445855548426E+000 5.038974754984E-001
1.477287190783E+000 5.021843972157E-001
1.508718833140E+000 5.009630944433E-001
1.540150475497E+000 5.002347736658E-001
1.571582117854E+000 5.000001543671E-001
1.603013760211E+000 5.002594683198E-001
1.634445402568E+000 5.010124593562E-001
1.665877044925E+000 5.022583836216E-001
1.697308687282E+000 5.039960103086E-001
1.728740329639E+000 5.062236228735E-001
1.760171971996E+000 5.089390207319E-001
1.791603614353E+000 5.121395214323E-001
1.823035256710E+000 5.158219633063E-001
1.854466899068E+000 5.199827085919E-001
1.885898541425E+000 5.246176470268E-001
1.917330183782E+000 5.297221999092E-001
1.948761826139E+000 5.352913246209E-001
1.980193468496E+000 5.413195196082E-001
2.011625110853E+000 5.478008298175E-001
2.043056753210E+000 5.547288525777E-001
2.074488395567E+000 5.620967439248E-001
2.105920037924E+000 5.698972253638E-001
2.137351680281E+000 5.781225910577E-001
2.168783322638E+000 5.867647154410E-001
2.200214964995E+000 5.958150612458E-001
2.231646607352E+000 6.052646879359E-001
2.263078249710E+000 6.151042605386E-001
2.294509892067E+000 6.253240588670E-001
2.325941534424E+000 6.359139871213E-001
2.357373176781E+000 6.468635838631E-001
2.388804819138E+000 6.581620323490E-001
2.420236461495E+000 6.697981712170E-001
2.451668103852E+000 6.817605055115E-001
2.483099746209E+000 6.940372180398E-001
2.514531388566E+000 7.066161810448E-001
2.545963030923E+000 7.194849681866E-001
2.577394673280E+000 7.326308668176E-001
2.608826315637E+000 7.460408905408E-001
2.640257957994E+000 7.597017920389E-001
2.671689600352E+000 7.736000761606E-001
2.703121242709E+000 7.877220132526E-001
2.734552885066E+000 8.020536527218E-001
2.765984527423E+000 8.165808368174E-001
2.797416169780E+000 8.312892146162E-001
2.828847812137E+000 8.461642562002E-001
2.860279454494E+000 8.611912670094E-001
2.891711096851E+000 8.763554023588E-001
2.923142739208E+000 8.916416821021E-001
2.954574381565E+000 9.070350054312E-001
2.986006023922E+000 9.225201657929E-001
3.017437666279E+000 9.380818659110E-001
3.048869308636E+000 9.537047328988E-001
3.080300950993E+000 9.693733334444E-001
3.111732593351E+000 9.850721890573E-001
3.143164235708E+000 1.000785791359E+000
3.174595878065E+000 1.016498617404E+000
3.206027520422E+000 1.032195145013E+000
3.237459162779E+000 1.047859868106E+000
3.268890805136E+000 1.063477312024E+000
3.300322447493E+000 1.079032048813E+000
3.331754089850E+000 1.094508712464E+000
3.363185732207E+000 1.109892014095E+000
3.394617374564E+000 1.125166757053E+000
3.426049016921E+000 1.140317851926E+000
3.457480659278E+000 1.155330331450E+000
3.488912301635E+000 1.170189365296E+000
3.520343943993E+000 1.184880274717E+000
3.551775586350E+000 1.199388547051E+000
3.583207228707E+000 1.213699850057E+000
3.614638871064E+000 1.227800046075E+000
3.646070513421E+000 1.241675205989E+000
3.677502155778E+000 1.255311622988E+000
3.708933798135E+000 1.268695826108E+000
3.740365440492E+000 1.281814593541E+000
3.771797082849E+000 1.294654965691E+000
3.803228725206E+000 1.307204257980E+000
3.834660367563E+000 1.319450073380E+000
3.866092009920E+000 1.331380314655E+000
3.897523652277E+000 1.342983196317E+000
3.928955294635E+000 1.354247256263E+000
3.960386936992E+000 1.365161367102E+000
3.991818579349E+000 1.375714747148E+000
4.023250221706E+000 1.385896971065E+000
4.054681864063E+000 1.395697980173E+000
4.086113506420E+000 1.405108092381E+000
4.117545148777E+000 1.414118011750E+000
4.148976791134E+000 1.422718837681E+000
4.180408433491E+000 1.430902073703E+000
4.211840075848E+000 1.438659635868E+000
4.243271718205E+000 1.445983860739E+000
4.274703360562E+000 1.452867512957E+000
4.306135002919E+000 1.459303792390E+000
4.337566645277E+000 1.465286340852E+000
4.368998287634E+000 1.470809248382E+000
4.400429929991E+000 1.475867059081E+000
4.431861572348E+000 1.480454776508E+000
4.463293214705E+000 1.484567868609E+000
4.494724857062E+000 1.488202272195E+000
4.526156499419E+000 1.491354396961E+000
4.557588141776E+000 1.494021129027E+000
4.589019784133E+000 1.496199834017E+000
4.620451426490E+000 1.497888359661E+000
4.651883068847E+000 1.499085037920E+000
4.683314711204E+000 1.499788686635E+000
4.714746353561E+000 1.499998610696E+000
4.746177995919E+000 1.499714602725E+000
4.777609638276E+000 1.498936943284E+000
4.809041280633E+000 1.497666400598E+000
4.840472922990E+000 1.495904229792E+000
4.871904565347E+000 1.493652171658E+000
4.903336207704E+000 1.490912450929E+000
4.934767850061E+000 1.487687774083E+000
4.966199492418E+000 1.483981326673E+000
4.997631134775E+000 1.479796770174E+000
5.029062777132E+000 1.475138238371E+000
5.060494419489E+000 1.470010333273E+000
5.091926061846E+000 1.464418120568E+000
5.123357704203E+000 1.458367124615E+000
5.154789346561E+000 1.451863322995E+000
5.186220988918E+000 1.444913140595E+000
5.217652631275E+000 1.437523443271E+000
5.249084273632E+000 1.429701531060E+000
5.280515915989E+000 1.421455130969E+000
5.311947558346E+000 1.412792389343E+000
5.343379200703E+000 1.403721863817E+000
5.374810843060E+000 1.394252514861E+000
5.406242485417E+000 1.384393696932E+000
5.437674127774E+000 1.374155149229E+000
5.469105770131E+000 1.363546986072E+000
5.500537412488E+000 1.352579686915E+000
5.531969054845E+000 1.341264085988E+000
5.563400697203E+000 1.329611361597E+000
5.594832339560E+000 1.317633025083E+000
5.626263981917E+000 1.305340909446E+000
5.657695624274E+000 1.292747157659E+000
5.689127266631E+000 1.279864210672E+000
5.720558908988E+000 1.266704795121E+000
5.751990551345E+000 1.253281910754E+000
5.783422193702E+000 1.239608817596E+000
5.814853836059E+000 1.225699022839E+000
5.846285478416E+000 1.211566267509E+000
5.877717120773E+000 1.197224512886E+000
5.909148763130E+000 1.182687926713E+000
5.940580405487E+000 1.167970869200E+000
5.972012047845E+000 1.153087878842E+000
6.003443690202E+000 1.138053658049E+000
6.034875332559E+000 1.122883058629E+000
6.066306974916E+000 1.107591067115E+000
6.097738617273E+000 1.092192789957E+000
6.129170259630E+000 1.076703438602E+000
6.160601901987E+000 1.061138314465E+000
6.192033544344E+000 1.045512793818E+000
6.223465186701E+000 1.029842312591E+000
6.254896829058E+000 1.014142351135E+000
6.286328471415E+000 9.984284189200E-001
6.317760113772E+000 9.827160392176E-001
6.349191756129E+000 9.670207337664E-001
6.380623398487E+000 9.513580074377E-001
6.412055040844E+000 9.357433329190E-001
6.443486683201E+000 9.201921354290E-001
6.474918325558E+000 9.047197774796E-001
6.506349967915E+000 8.893415436995E-001
6.537781610272E+000 8.740726257354E-001
6.569213252629E+000 8.589281072447E-001
6.600644894986E+000 8.439229489945E-001
6.632076537343E+000 8.290719740826E-001
6.663508179700E+000 8.143898532941E-001
6.694939822057E+000 7.998910906088E-001
6.726371464414E+000 7.855900088732E-001
6.757803106771E+000 7.715007356512E-001
6.789234749129E+000 7.576371892681E-001
6.820666391486E+000 7.440130650613E-001
6.852098033843E+000 7.306418218510E-001
6.883529676200E+000 7.175366686443E-001
6.914961318557E+000 7.047105515872E-001
6.946392960914E+000 6.921761411749E-001
6.977824603271E+000 6.799458197356E-001
7.009256245628E+000 6.680316691978E-001
7.040687887985E+000 6.564454591553E-001
7.072119530342E+000 6.451986352404E-001
7.103551172699E+000 6.343023078173E-001
7.134982815056E+000 6.237672410060E-001
7.166414457413E+000 6.136038420495E-001
7.197846099771E+000 6.038221510321E-001
7.229277742128E+000 5.944318309617E-001
7.260709384485E+000 5.854421582240E-001
7.292141026842E+000 5.768620134181E-001
7.323572669199E+000 5.686998725843E-001
7.355004311556E+000 5.609637988306E-001
7.386435953913E+000 5.536614343676E-001
7.417867596270E+000 5.467999929586E-001
7.449299238627E+000 5.403862527939E-001
7.480730880984E+000 5.344265497945E-001
7.512162523341E+000 5.289267713532E-001
7.543594165698E+000 5.238923505185E-001
7.575025808055E+000 5.193282606277E-001
7.606457450413E+000 5.152390103937E-001
7.637889092770E+000 5.116286394510E-001
7.669320735127E+000 5.085007143653E-001
7.700752377484E+000 5.058583251100E-001
7.732184019841E+000 5.037040820136E-001
7.763615662198E+000 5.020401131814E-001
7.795047304555E+000 5.008680623931E-001
7.826478946912E+000 5.001890874786E-001
7.857910589269E+000 5.000038591747E-001
7.889342231626E+000 5.003125604624E-001
7.920773873983E+000 5.011148863859E-001
7.952205516340E+000 5.024100443540E-001
7.983637158697E+000 5.041967549231E-001
8.015068801055E+000 5.064732530613E-001
8.046500443412E+000 5.092372898916E-001
8.077932085769E+000 5.124861349136E-001
8.109363728126E+000 5.162165787013E-001
8.140795370483E+000 5.204249360731E-001
8.172227012840E+000 5.251070497325E-001
8.203658655197E+000 5.302582943746E-001
8.235090297554E+000 5.358735812560E-001
8.266521939911E+000 5.419473632211E-001
8.297953582268E+000 5.484736401824E-001
8.329385224625E+000 5.554459650474E-001
8.360816866982E+000 5.628574500879E-001
8.392248509339E+000 5.707007737437E-001
8.423680151696E+000 5.789681878558E-001
8.455111794054E+000 5.876515253202E-001
8.486543436411E+000 5.967422081561E-001
8.517975078768E+000 6.062312559796E-001
8.549406721125E+000 6.161092948753E-001
8.580838363482E+000 6.263665666566E-001
8.612270005839E+000 6.369929385049E-001
8.643701648196E+000 6.479779129805E-001
8.675133290553E+000 6.593106383915E-001
8.706564932910E+000 6.709799195147E-001
8.737996575267E+000 6.829742286546E-001
8.769428217624E+000 6.952817170313E-001
8.800859859981E+000 7.078902264856E-001
8.832291502338E+000 7.207873014895E-001
8.863723144696E+000 7.339602014507E-001
8.895154787053E+000 7.473959132986E-001
8.926586429410E+000 7.610811643393E-001
8.958018071767E+000 7.750024353677E-001
8.989449714124E+000 7.891459740221E-001
9.020881356481E+000 8.034978083702E-001
9.052312998838E+000 8.180437607111E-001
9.083744641195E+000 8.327694615815E-001
9.115176283552E+000 8.476603639501E-001
9.146607925909E+000 8.627017575888E-001
9.178039568266E+000 8.778787836040E-001
9.209471210623E+000 8.931764491156E-001
9.240902852980E+000 9.085796420674E-001
9.272334495338E+000 9.240731461565E-001
9.303766137695E+000 9.396416558645E-001
9.335197780052E+000 9.552697915773E-001
9.366629422409E+000 9.709421147784E-001
9.398061064766E+000 9.866431432998E-001
9.429492707123E+000 1.002357366617E+000
9.460924349480E+000 1.018069261170E+000
9.492355991837E+000 1.033763305699E+000
9.523787634194E+000 1.049423996580E+000
9.555219276551E+000 1.065035863134E+000
9.586650918908E+000 1.080583482919E+000
9.618082561265E+000 1.096051496955E+000
9.649514203622E+000 1.111424624906E+000
9.680945845980E+000 1.126687680168E+000
9.712377488337E+000 1.141825584876E+000
9.743809130694E+000 1.156823384797E+000
9.775240773051E+000 1.171666264100E+000
9.806672415408E+000 1.186339560000E+000
9.838104057765E+000 1.200828777233E+000
9.869535700122E+000 1.215119602383E+000
9.900967342479E+000 1.229197918018E+000
9.932398984836E+000 1.243049816637E+000
9.963830627193E+000 1.256661614410E+000
9.995262269550E+000 1.270019864692E+000
1.002669391191E+001 1.283111371314E+000
1.005812555426E+001 1.295923201608E+000
1.008955719662E+001 1.308442699194E+000
1.012098883898E+001 1.320657496474E+000
1.015242048134E+001 1.332555526858E+000
1.018385212369E+001 1.344125036674E+000
1.021528376605E+001 1.355354596789E+000
1.024671540841E+001 1.366233113893E+000
1.027814705076E+001 1.376749841459E+000
1.030957869312E+001 1.386894390362E+000
1.034101033548E+001 1.396656739138E+000
1.037244197784E+001 1.406027243888E+000
1.040387362019E+001 1.414996647799E+000
1.043530526255E+001 1.423556090297E+000
1.046673690491E+001 1.431697115792E+000
1.049816854726E+001 1.439411682035E+000
1.052960018962E+001 1.446692168062E+000
1.056103183198E+001 1.453531381723E+000
1.059246347433E+001 1.459922566785E+000
1.062389511669E+001 1.465859409609E+000
1.065532675905E+001 1.471336045385E+000
1.068675840141E+001 1.476347063926E+000
1.071819004376E+001 1.480887515014E+000
1.074962168612E+001 1.484952913286E+000
1.078105332848E+001 1.488539242672E+000
1.081248497083E+001 1.491642960356E+000
1.084391661319E+001 1.494261000277E+000
1.087534825555E+001 1.496390776162E+000
1.090677989791E+001 1.498030184075E+000
1.093821154026E+001 1.499177604499E+000
1.096964318262E+001 1.499831903937E+000
1.100107482498E+001 1.499992436027E+000
1.103250646733E+001 1.499659042185E+000
1.106393810969E+001 1.498832051759E+000
1.109536975205E+001 1.497512281707E+000
1.112680139441E+001 1.495701035784E+000
1.115823303676E+001 1.493400103262E+000
1.118966467912E+001 1.490611757154E+000
1.122109632148E+001 1.487338751976E+000
1.125252796383E+001 1.483584321020E+000
1.128395960619E+001 1.479352173164E+000
1.131539124855E+001 1.474646489207E+000
1.134682289090E+001 1.469471917738E+000
1.137825453326E+001 1.463833570543E+000
1.140968617562E+001 1.457737017560E+000
1.144111781798E+001 1.451188281370E+000
1.147254946033E+001 1.444193831252E+000
1.150398110269E+001 1.436760576793E+000
1.153541274505E+001 1.428895861056E+000
1.156684438740E+001 1.420607453333E+000
1.159827602976E+001 1.411903541469E+000
1.162970767212E+001 1.402792723767E+000
1.166113931448E+001 1.393284000503E+000
1.169257095683E+001 1.383386765029E+000
1.172400259919E+001 1.373110794495E+000
1.175543424155E+001 1.362466240191E+000
1.178686588390E+001 1.351463617519E+000
1.181829752626E+001 1.340113795605E+000
1.184972916862E+001 1.328427986562E+000
1.188116081097E+001 1.316417734411E+000
1.191259245333E+001 1.304094903684E+000
1.194402409569E+001 1.291471667694E+000
1.197545573805E+001 1.278560496519E+000
1.200688738040E+001 1.265374144675E+000
1.203831902276E+001 1.251925638521E+000
1.206975066512E+001 1.238228263391E+000
1.210118230747E+001 1.224295550468E+000
1.213261394983E+001 1.210141263414E+000
1.216404559219E+001 1.195779384782E+000
1.219547723455E+001 1.181224102193E+000
1.222690887690E+001 1.166489794329E+000
1.225834051926E+001 1.151591016724E+000
1.228977216162E+001 1.136542487384E+000
1.232120380397E+001 1.121359072254E+000
1.235263544633E+001 1.106055770524E+000
1.238406708869E+001 1.090647699819E+000
1.241549873105E+001 1.075150081260E+000
1.244693037340E+001 1.059578224430E+000
1.247836201576E+001 1.043947512250E+000
1.250979365812E+001 1.028273385781E+000
1.254122530047E+001 1.012571328973E+000
1.257265694283E+001 9.968568533666E-001
1.260408858519E+001 9.811454827702E-001
1.263552022754E+001 9.654527379257E-001
1.266695186990E+001 9.497941211748E-001
1.269838351226E+001 9.341851011452E-001
1.272981515462E+001 9.186410974698E-001
1.276124679697E+001 9.031774655538E-001
1.279267843933E+001 8.878094814059E-001
1.282411008169E+001 8.725523265475E-001
1.285554172404E+001 8.574210730157E-001
1.288697336640E+001 8.424306684734E-001
1.291840500876E+001 8.275959214437E-001
1.294983665112E+001 8.129314866809E-001
1.298126829347E+001 7.984518506933E-001
1.301269993583E+001 7.841713174327E-001
1.304413157819E+001 7.701039941639E-001
1.307556322054E+001 7.562637775286E-001
1.310699486290E+001 7.426643398174E-001
1.313842650526E+001 7.293191154636E-001
1.316985814762E+001 7.162412877712E-001
1.320128978997E+001 7.034437758921E-001
1.323272143233E+001 6.909392220636E-001
1.326415307469E+001 6.787399791193E-001
1.329558471704E+001 6.668580982864E-001
1.332701635940E+001 6.553053172806E-001
1.335844800176E+001 6.440930487107E-001
1.338987964411E+001 6.332323688049E-001
1.342131128647E+001 6.227340064681E-001
1.345274292883E+001 6.126083326841E-001
1.348417457119E+001 6.028653502700E-001
1.351560621354E+001 5.935146839946E-001
1.354703785590E+001 5.845655710708E-001
1.357846949826E+001 5.760268520303E-001
1.360990114061E+001 5.679069619901E-001
1.364133278297E+001 5.602139223200E-001
1.367276442533E+001 5.529553327187E-001
1.370419606769E+001 5.461383637059E-001
1.373562771004E+001 5.397697495389E-001
1.376705935240E+001 5.338557815603E-001
1.379849099476E+001 5.284023019827E-001
1.382992263711E+001 5.234146981178E-001
1.386135427947E+001 5.188978970536E-001
1.389278592183E+001 5.148563607881E-001
1.392421756418E+001 5.112940818208E-001
1.395564920654E+001 5.082145792088E-001
1.398708084890E+001 5.056208950907E-001
1.401851249126E+001 5.035155916807E-001
1.404994413361E+001 5.019007487383E-001
1.408137577597E+001 5.007779615131E-001
1.411280741833E+001 5.001483391696E-001
1.414423906068E+001 5.000125036905E-001
1.417567070304E+001 5.003705892634E-001
1.420710234540E+001 5.012222421473E-001
1.423853398776E+001 5.025666210227E-001
1.426996563011E+001 5.044023978223E-001
1.430139727247E+001 5.067277590430E-001
1.433282891483E+001 5.095404075378E-001
1.436426055718E+001 5.128375647846E-001
1.439569219954E+001 5.166159736312E-001
1.442712384190E+001 5.208719015128E-001
1.445855548426E+001 5.256011441396E-001
1.448998712661E+001 5.307990296498E-001
1.452141876897E+001 5.364604232248E-001
1.455285041133E+001 5.425797321618E-001
1.458428205368E+001 5.491509113987E-001
1.461571369604E+001 5.561674694855E-001
1.464714533840E+001 5.636224749976E-001
1.467857698075E+001 5.715085633823E-001
1.471000862311E+001 5.798179442347E-001
1.474144026547E+001 5.885424089933E-001
1.477287190783E+001 5.976733390489E-001
1.480430355018E+001 6.072017142588E-001
1.483573519254E+001 6.171181218575E-001
1.486716683490E+001 6.274127657550E-001
1.489859847725E+001 6.380754762142E-001
1.493003011961E+001 6.490957198976E-001
1.496146176197E+001 6.604626102720E-001
1.499289340433E+001 6.721649183639E-001
1.502432504668E+001 6.841910838515E-001
1.505575668904E+001 6.965292264850E-001
1.508718833140E+001 7.091671578229E-001
1.511861997375E+001 7.220923932723E-001
1.515005161611E+001 7.352921644222E-001
1.518148325847E+001 7.487534316567E-001
1.521291490083E+001 7.624628970368E-001
1.524434654318E+001 7.764070174366E-001
1.527577818554E+001 7.905720179225E-001
1.530720982790E+001 8.049439053606E-001
1.533864147025E+001 8.195084822404E-001
1.537007311261E+001 8.342513606997E-001
1.540150475497E+001 8.491579767384E-001
1.543293639732E+001 8.642136046052E-001
1.546436803968E+001 8.794033713451E-001
1.549579968204E+001 8.947122714916E-001
1.552723132440E+001 9.101251818905E-001
1.555866296675E+001 9.256268766392E-001
1.559009460911E+001 9.412020421280E-001
1.562152625147E+001 9.568352921677E-001
1.565295789382E+001 9.725111831897E-001
1.568438953618E+001 9.882142295015E-001
1.571582117854E+001 1.003928918585E+000
1.574725282090E+001 1.019639726420E+000
1.577868446325E+001 1.035331132821E+000
1.581011610561E+001 1.050987636769E+000
1.584154774797E+001 1.066593771724E+000
1.587297939032E+001 1.082134120901E+000
1.590441103268E+001 1.097593332507E+000
1.593584267504E+001 1.112956134899E+000
1.596727431739E+001 1.128207351674E+000
1.599870595975E+001 1.143331916662E+000
1.603013760211E+001 1.158314888807E+000
1.606156924447E+001 1.173141466929E+000
1.609300088682E+001 1.187797004342E+000
1.612443252918E+001 1.202267023328E+000
1.615586417154E+001 1.216537229435E+000
1.618729581389E+001 1.230593525601E+000
1.621872745625E+001 1.244422026076E+000
1.625015909861E+001 1.258009070145E+000
1.628159074097E+001 1.271341235617E+000
1.631302238332E+001 1.284405352089E+000
1.634445402568E+001 1.297188513953E+000
1.637588566804E+001 1.309678093149E+000
1.640731731039E+001 1.321861751635E+000
1.643874895275E+001 1.333727453580E+000
1.647018059511E+001 1.345263477251E+000
1.650161223747E+001 1.356458426592E+000
1.653304387982E+001 1.367301242486E+000
1.656447552218E+001 1.377781213673E+000
1.659590716454E+001 1.387887987338E+000
1.662733880689E+001 1.397611579335E+000
1.665877044925E+001 1.406942384051E+000
1.669020209161E+001 1.415871183892E+000
1.672163373396E+001 1.424389158395E+000
1.675306537632E+001 1.432487892934E+000
1.678449701868E+001 1.440159387038E+000
1.681592866104E+001 1.447396062294E+000
1.684736030339E+001 1.454190769829E+000
1.687879194575E+001 1.460536797379E+000
1.691022358811E+001 1.466427875912E+000
1.694165523046E+001 1.471858185828E+000
1.697308687282E+001 1.476822362704E+000
1.700451851518E+001 1.481315502594E+000
1.703595015754E+001 1.485333166875E+000
1.706738179989E+001 1.488871386630E+000
1.709881344225E+001 1.491926666568E+000
1.713024508461E+001 1.494495988480E+000
1.716167672696E+001 1.496576814218E+000
1.719310836932E+001 1.498167088203E+000
1.722454001168E+001 1.499265239457E+000
1.725597165404E+001 1.499870183153E+000
1.728740329639E+001 1.499981321686E+000
1.731883493875E+001 1.499598545266E+000
1.735026658111E+001 1.498722232026E+000
1.738169822346E+001 1.497353247647E+000
1.741312986582E+001 1.495492944502E+000
1.744456150818E+001 1.493143160323E+000
1.747599315053E+001 1.490306216384E+000
1.750742479289E+001 1.486984915209E+000
1.753885643525E+001 1.483182537799E+000
1.757028807761E+001 1.478902840398E+000
1.760171971996E+001 1.474150050777E+000
1.763315136232E+001 1.468928864058E+000
1.766458300468E+001 1.463244438079E+000
1.769601464703E+001 1.457102388295E+000
1.772744628939E+001 1.450508782234E+000
1.775887793175E+001 1.443470133500E+000
1.779030957411E+001 1.435993395341E+000
1.782174121646E+001 1.428085953778E+000
1.785317285882E+001 1.419755620309E+000
1.788460450118E+001 1.411010624196E+000
1.791603614353E+001 1.401859604330E+000
1.794746778589E+001 1.392311600699E+000
1.797889942825E+001 1.382376045459E+000
1.801033107060E+001 1.372062753615E+000
1.804176271296E+001 1.361381913327E+000
1.807319435532E+001 1.350344075841E+000
1.810462599768E+001 1.338960145071E+000
1.813605764003E+001 1.327241366825E+000
1.816748928239E+001 1.315199317694E+000
1.819892092475E+001 1.302845893619E+000
1.823035256710E+001 1.290193298138E+000
1.826178420946E+001 1.277254030329E+000
1.829321585182E+001 1.264040872467E+000
1.832464749418E+001 1.250566877391E+000
1.835607913653E+001 1.236845355613E+000
1.838751077889E+001 1.222889862170E+000
1.841894242125E+001 1.208714183230E+000
1.845037406360E+001 1.194332322476E+000
1.848180570596E+001 1.179758487271E+000
1.851323734832E+001 1.165007074623E+000
1.854466899068E+001 1.150092656964E+000
1.857610063303E+001 1.135029967750E+000
1.860753227539E+001 1.119833886913E+000
1.863896391775E+001 1.104519426156E+000
1.867039556010E+001 1.089101714128E+000
1.870182720246E+001 1.073595981474E+000
1.873325884482E+001 1.058017545792E+000
1.876469048717E+001 1.042381796503E+000
1.879612212953E+001 1.026704179644E+000
1.882755377189E+001 1.011000182613E+000
1.885898541425E+001 9.952853188657E-001
1.889041705660E+001 9.795751125958E-001
1.892184869896E+001 9.638850833944E-001
1.895328034132E+001 9.482307309204E-001
1.898471198367E+001 9.326275195891E-001
1.901614362603E+001 9.170908632951E-001
1.904757526839E+001 9.016361101854E-001
1.907900691075E+001 8.862785274976E-001
1.911043855310E+001 8.710332864779E-001
1.914187019546E+001 8.559154473940E-001
1.917330183782E+001 8.409399446571E-001
1.920473348017E+001 8.261215720695E-001
1.923616512253E+001 8.114749682096E-001
1.926759676489E+001 7.970146019712E-001
1.929902840725E+001 7.827547582700E-001
1.933046004960E+001 7.687095239324E-001
1.936189169196E+001 7.548927737792E-001
1.939332333432E+001 7.413181569193E-001
1.942475497667E+001 7.279990832660E-001
1.945618661903E+001 7.149487102901E-001
1.948761826139E+001 7.021799300220E-001
1.951904990374E+001 6.897053563159E-001
1.955048154610E+001 6.775373123889E-001
1.958191318846E+001 6.656878186479E-001
1.961334483082E+001 6.541685808144E-001
1.964477647317E+001 6.429909783611E-001
1.967620811553E+001 6.321660532705E-001
1.970763975789E+001 6.217044991267E-001
1.973907140024E+001 6.116166505518E-001
1.977050304260E+001 6.019124729967E-001
1.980193468496E+001 5.926015528961E-001
1.983336632732E+001 5.836930881990E-001
1.986479796967E+001 5.751958792821E-001
1.989622961203E+001 5.671183202558E-001
1.992766125439E+001 5.594683906728E-001
1.995909289674E+001 5.522536476444E-001
1.999052453910E+001 5.454812183758E-001
2.002195618146E+001 5.391577931252E-001
2.005338782381E+001 5.332896185945E-001
2.008481946617E+001 5.278824917583E-001
2.011625110853E+001 5.229417541380E-001
2.014768275089E+001 5.184722865242E-001
2.017911439324E+001 5.144785041556E-001
2.021054603560E+001 5.109643523571E-001
2.024197767796E+001 5.079333026429E-001
2.027340932031E+001 5.053883492861E-001
2.030484096267E+001 5.033320063619E-001
2.033627260503E+001 5.017663052630E-001
2.036770424739E+001 5.006927926937E-001
2.039913588974E+001 5.001125291414E-001
2.043056753210E+001 5.000260878292E-001
2.046199917446E+001 5.004335541496E-001
2.049343081681E+001 5.013345255801E-001
2.052486245917E+001 5.027281120810E-001
2.055629410153E+001 5.046129369744E-001
2.058772574389E+001 5.069871383043E-001
2.061915738624E+001 5.098483706762E-001
2.065058902860E+001 5.131938075734E-001
2.068202067096E+001 5.170201441500E-001
2.071345231331E+001 5.213236004950E-001
2.074488395567E+001 5.260999253668E-001
2.077631559803E+001 5.313444003926E-001
2.080774724038E+001 5.370518447295E-001
2.083917888274E+001 5.432166201827E-001
2.087061052510E+001 5.498326367753E-001
2.090204216746E+001 5.568933587640E-001
2.093347380981E+001 5.643918110960E-001
2.096490545217E+001 5.723205862989E-001
2.099633709453E+001 5.806718517992E-001
2.102776873688E+001 5.894373576586E-001
2.105920037924E+001 5.986084447251E-001
2.109063202160E+001 6.081760531860E-001
2.112206366396E+001 6.181307315185E-001
2.115349530631E+001 6.284626458263E-001
2.118492694867E+001 6.391615895543E-001
2.121635859103E+001 6.502169935710E-001
2.124779023338E+001 6.616179366099E-001
2.127922187574E+001 6.733531560575E-001
2.131065351810E+001 6.854110590803E-001
2.134208516045E+001 6.977797340760E-001
2.137351680281E+001 7.104469624412E-001
2.140494844517E+001 7.234002306413E-001
2.143638008753E+001 7.366267425728E-001
2.146781172988E+001 7.501134322035E-001
2.149924337224E+001 7.638469764803E-001
2.153067501460E+001 7.778138084908E-001
2.156210665695E+001 7.920001308651E-001
2.159353829931E+001 8.063919294062E-001
2.162496994167E+001 8.209749869342E-001
2.165640158403E+001 8.357348973304E-001
2.168783322638E+001 8.506570797693E-001
2.171926486874E+001 8.657267931222E-001
2.175069651110E+001 8.809291505195E-001
2.178212815345E+001 8.962491340569E-001
2.181355979581E+001 9.116716096311E-001
2.184499143817E+001 9.271813418905E-001
2.187642308053E+001 9.427630092853E-001
2.190785472288E+001 9.584012192035E-001
2.193928636524E+001 9.740805231765E-001
2.197071800760E+001 9.897854321405E-001
2.200214964995E+001 1.005500431737E+000
2.203358129231E+001 1.021209997640E+000
2.206501293467E+001 1.036898610890E+000
2.209644457702E+001 1.052550773227E+000
2.212787621938E+001 1.068151022400E+000
2.215930786174E+001 1.083683947440E+000
2.219073950410E+001 1.099134203885E+000
2.222217114645E+001 1.114486528942E+000
2.225360278881E+001 1.129725756556E+000
2.228503443117E+001 1.144836832401E+000
2.231646607352E+001 1.159804828748E+000
2.234789771588E+001 1.174614959208E+000
2.237932935824E+001 1.189252593345E+000
2.241076100060E+001 1.203703271128E+000
2.244219264295E+001 1.217952717210E+000
2.247362428531E+001 1.231986855037E+000
2.250505592767E+001 1.245791820750E+000
2.253648757002E+001 1.259353976882E+000
2.256791921238E+001 1.272659925828E+000
2.259935085474E+001 1.285696523084E+000
2.263078249710E+001 1.298450890227E+000
2.266221413945E+001 1.310910427642E+000
2.269364578181E+001 1.323062826966E+000
2.272507742417E+001 1.334896083245E+000
2.275650906652E+001 1.346398506800E+000
2.278794070888E+001 1.357558734767E+000
2.281937235124E+001 1.368365742329E+000
2.285080399359E+001 1.378808853600E+000
2.288223563595E+001 1.388877752178E+000
2.291366727831E+001 1.398562491332E+000
2.294509892067E+001 1.407853503830E+000
2.297653056302E+001 1.416741611389E+000
2.300796220538E+001 1.425218033742E+000
2.303939384774E+001 1.433274397314E+000
2.307082549009E+001 1.440902743489E+000
2.310225713245E+001 1.448095536479E+000
2.313368877481E+001 1.454845670761E+000
2.316512041717E+001 1.461146478102E+000
2.319655205952E+001 1.466991734143E+000
2.322798370188E+001 1.472375664551E+000
2.325941534424E+001 1.477292950718E+000
2.329084698659E+001 1.481738735022E+000
2.332227862895E+001 1.485708625619E+000
2.335371027131E+001 1.489198700786E+000
2.338514191366E+001 1.492205512794E+000
2.341657355602E+001 1.494726091312E+000
2.344800519838E+001 1.496757946347E+000
2.347943684074E+001 1.498299070694E+000
2.351086848309E+001 1.499347941928E+000
2.354230012545E+001 1.499903523905E+000
2.357373176781E+001 1.499965267783E+000
2.360516341016E+001 1.499533112568E+000
2.363659505252E+001 1.498607485171E+000
2.366802669488E+001 1.497189299989E+000
2.369945833724E+001 1.495279958000E+000
2.373088997959E+001 1.492881345380E+000
2.376232162195E+001 1.489995831638E+000
2.379375326431E+001 1.486626267278E+000
2.382518490666E+001 1.482775980980E+000
2.385661654902E+001 1.478448776315E+000
2.388804819138E+001 1.473648927984E+000
2.391947983374E+001 1.468381177599E+000
2.395091147609E+001 1.462650728994E+000
2.398234311845E+001 1.456463243090E+000
2.401377476081E+001 1.449824832300E+000
2.404520640316E+001 1.442742054488E+000
2.407663804552E+001 1.435221906495E+000
2.410806968788E+001 1.427271817227E+000
2.413950133023E+001 1.418899640313E+000
2.417093297259E+001 1.410113646348E+000
2.420236461495E+001 1.400922514724E+000
2.423379625731E+001 1.391335325055E+000
2.426522789966E+001 1.381361548207E+000
2.429665954202E+001 1.371011036944E+000
2.432809118438E+001 1.360294016192E+000
2.435952282673E+001 1.349221072941E+000
2.439095446909E+001 1.337803145782E+000
2.442238611145E+001 1.326051514109E+000
2.445381775381E+001 1.313977786966E+000
2.448524939616E+001 1.301593891590E+000
2.451668103852E+001 1.288912061618E+000
2.454811268088E+001 1.275944825010E+000
2.457954432323E+001 1.262704991669E+000
2.461097596559E+001 1.249205640786E+000
2.464240760795E+001 1.235460107922E+000
2.467383925031E+001 1.221481971833E+000
2.470527089266E+001 1.207285041056E+000
2.473670253502E+001 1.192883340266E+000
2.476813417738E+001 1.178291096427E+000
2.479956581973E+001 1.163522724732E+000
2.483099746209E+001 1.148592814364E+000
2.486242910445E+001 1.133516114087E+000
2.489386074680E+001 1.118307517673E+000
2.492529238916E+001 1.102982049189E+000
2.495672403152E+001 1.087554848157E+000
2.498815567388E+001 1.072041154597E+000
2.501958731623E+001 1.056456293971E+000
2.505101895859E+001 1.040815662046E+000
2.508245060095E+001 1.025134709684E+000
2.511388224330E+001 1.009428927576E+000
2.514531388566E+001 9.937138309436E-001
2.517674552802E+001 9.780049442092E-001
2.520817717038E+001 9.623177856603E-001
2.523960881273E+001 9.466678521204E-001
2.527104045509E+001 9.310706036392E-001
2.530247209745E+001 9.155414482208E-001
2.533390373980E+001 9.000957266025E-001
2.536533538216E+001 8.847486971000E-001
2.539676702452E+001 8.695155205342E-001
2.542819866687E+001 8.544112452547E-001
2.545963030923E+001 8.394507922738E-001
2.549106195159E+001 8.246489405263E-001
2.552249359395E+001 8.100203122702E-001
2.555392523630E+001 7.955793586420E-001
2.558535687866E+001 7.813403453803E-001
2.561678852102E+001 7.673173387337E-001
2.564822016337E+001 7.535241915650E-001
2.567965180573E+001 7.399745296666E-001
2.571108344809E+001 7.266817382995E-001
2.574251509045E+001 7.136589489713E-001
2.577394673280E+001 7.009190264632E-001
2.580537837516E+001 6.884745561219E-001
2.583681001752E+001 6.763378314264E-001
2.586824165987E+001 6.645208418443E-001
2.589967330223E+001 6.530352609873E-001
2.593110494459E+001 6.418924350796E-001
2.596253658695E+001 6.311033717490E-001
2.599396822930E+001 6.206787291531E-001
2.602539987166E+001 6.106288054501E-001
2.605683151402E+001 6.009635286263E-001
2.608826315637E+001 5.916924466877E-001
2.611969479873E+001 5.828247182285E-001
2.615112644109E+001 5.743691033832E-001
2.618255808344E+001 5.663339551731E-001
2.621398972580E+001 5.587272112544E-001
2.624542136816E+001 5.515563860769E-001
2.627685301052E+001 5.448285634609E-001
2.630828465287E+001 5.385503895989E-001
2.633971629523E+001 5.327280664905E-001
2.637114793759E+001 5.273673458155E-001
2.640257957994E+001 5.224735232518E-001
2.643401122230E+001 5.180514332444E-001
2.646544286466E+001 5.141054442291E-001
2.649687450702E+001 5.106394543176E-001
2.652830614937E+001 5.076568874463E-001
2.655973779173E+001 5.051606899938E-001
2.659116943409E+001 5.031533278709E-001
2.662260107644E+001 5.016367840840E-001
2.665403271880E+001 5.006125567763E-001
2.668546436116E+001 5.000816577480E-001
2.671689600352E+001 5.000446114566E-001
2.674832764587E+001 5.005014544988E-001
2.677975928823E+001 5.014517355748E-001
2.681119093059E+001 5.028945159332E-001
2.684262257294E+001 5.048283702993E-001
2.687405421530E+001 5.072513882826E-001
2.690548585766E+001 5.101611762639E-001
2.693691750001E+001 5.135548597604E-001
2.696834914237E+001 5.174290862648E-001
2.699978078473E+001 5.217800285573E-001
2.703121242709E+001 5.266033884864E-001
2.706264406944E+001 5.318944012149E-001
2.709407571180E+001 5.376478399271E-001
2.712550735416E+001 5.438580209917E-001
2.715693899651E+001 5.505188095771E-001
2.718837063887E+001 5.576236257112E-001
2.721980228123E+001 5.651654507821E-001
2.725123392359E+001 5.731368344711E-001
2.728266556594E+001 5.815299021129E-001
2.731409720830E+001 5.903363624745E-001
2.734552885066E+001 5.995475159461E-001
2.737696049301E+001 6.091542631347E-001
2.740839213537E+001 6.191471138540E-001
2.743982377773E+001 6.295161964981E-001
2.747125542008E+001 6.402512677947E-001
2.750268706244E+001 6.513417229230E-001
2.753411870480E+001 6.627766059906E-001
2.756555034716E+001 6.745446208561E-001
2.759698198951E+001 6.866341422881E-001
2.762841363187E+001 6.990332274498E-001
2.765984527423E+001 7.117296276964E-001
2.769127691658E+001 7.247108006756E-001
2.772270855894E+001 7.379639227175E-001
2.775414020130E+001 7.514759015027E-001
2.778557184366E+001 7.652333889958E-001
2.781700348601E+001 7.792227946317E-001
2.784843512837E+001 7.934302987408E-001
2.787986677073E+001 8.078418662013E-001
2.791129841308E+001 8.224432603042E-001
2.794273005544E+001 8.372200568169E-001
2.797416169780E+001 8.521576582325E-001
2.800559334016E+001 8.672413081904E-001
2.803702498251E+001 8.824561060536E-001
2.806845662487E+001 8.977870216281E-001
2.809988826723E+001 9.132189100114E-001
2.813131990958E+001 9.287365265532E-001
2.816275155194E+001 9.443245419151E-001
2.819418319430E+001 9.599675572141E-001
2.822561483665E+001 9.756501192346E-001
2.825704647901E+001 9.913567356943E-001
2.828847812137E+001 1.007071890548E+000
2.831990976373E+001 1.022780059316E+000
2.835134140608E+001 1.038465724419E+000
2.838277304844E+001 1.054113390510E+000
2.841420469080E+001 1.069707599779E+000
2.844563633315E+001 1.085232947223E+000
2.847706797551E+001 1.100674095868E+000
2.850849961787E+001 1.116015791916E+000
2.853993126023E+001 1.131242879813E+000
2.857136290258E+001 1.146340317226E+000
2.860279454494E+001 1.161293189897E+000
2.863422618730E+001 1.176086726379E+000
2.866565782965E+001 1.190706312629E+000
2.869708947201E+001 1.205137506442E+000
2.872852111437E+001 1.219366051722E+000
2.875995275673E+001 1.233377892561E+000
2.879138439908E+001 1.247159187125E+000
2.882281604144E+001 1.260696321333E+000
2.885424768380E+001 1.273975922297E+000
2.888567932615E+001 1.286984871542E+000
2.891711096851E+001 1.299710317958E+000
2.894854261087E+001 1.312139690498E+000
2.897997425322E+001 1.324260710599E+000
2.901140589558E+001 1.336061404307E+000
2.904283753794E+001 1.347530114107E+000
2.907426918030E+001 1.358655510443E+000
2.910570082265E+001 1.369426602905E+000
2.913713246501E+001 1.379832751088E+000
2.916856410737E+001 1.389863675103E+000
2.919999574972E+001 1.399509465733E+000
2.923142739208E+001 1.408760594223E+000
2.926285903444E+001 1.417607921690E+000
2.929429067680E+001 1.426042708151E+000
2.932572231915E+001 1.434056621163E+000
2.935715396151E+001 1.441641744045E+000
2.938858560387E+001 1.448790583707E+000
2.942001724622E+001 1.455496078048E+000
2.945144888858E+001 1.461751602932E+000
2.948288053094E+001 1.467550978733E+000
2.951431217329E+001 1.472888476442E+000
2.954574381565E+001 1.477758823320E+000
2.957717545801E+001 1.482157208115E+000
2.960860710037E+001 1.486079285807E+000
2.964003874272E+001 1.489521181907E+000
2.967147038508E+001 1.492479496279E+000
2.970290202744E+001 1.494951306502E+000
2.973433366979E+001 1.496934170759E+000
2.976576531215E+001 1.498426130242E+000
2.979719695451E+001 1.499425711094E+000
2.982862859687E+001 1.499931925864E+000
2.986006023922E+001 1.499944274477E+000
2.989149188158E+001 1.499462744735E+000
2.992292352394E+001 1.498487812326E+000
2.995435516629E+001 1.497020440353E+000
2.998578680865E+001 1.495062078383E+000
3.001721845101E+001 1.492614661019E+000
3.004865009337E+001 1.489680605981E+000
3.008008173572E+001 1.486262811726E+000
3.011151337808E+001 1.482364654579E+000
3.014294502044E+001 1.477989985400E+000
3.017437666279E+001 1.473143125780E+000
3.020580830515E+001 1.467828863771E+000
3.023723994751E+001 1.462052449155E+000
3.026867158986E+001 1.455819588261E+000
3.030010323222E+001 1.449136438324E+000
3.033153487458E+001 1.442009601408E+000
3.036296651694E+001 1.434446117878E+000
3.039439815929E+001 1.426453459448E+000
3.042582980165E+001 1.418039521800E+000
3.045726144401E+001 1.409212616784E+000
3.048869308636E+001 1.399981464206E+000
3.052012472872E+001 1.390355183216E+000
3.055155637108E+001 1.380343283297E+000
3.058298801344E+001 1.369955654872E+000
3.061441965579E+001 1.359202559536E+000
3.064585129815E+001 1.348094619914E+000
3.067728294051E+001 1.336642809170E+000
3.070871458286E+001 1.324858440169E+000
3.074014622522E+001 1.312753154298E+000
3.077157786758E+001 1.300338909966E+000
3.080300950993E+001 1.287627970794E+000
3.083444115229E+001 1.274632893496E+000
3.086587279465E+001 1.261366515479E+000
3.089730443701E+001 1.247841942156E+000
3.092873607936E+001 1.234072534005E+000
3.096016772172E+001 1.220071893367E+000
3.099159936408E+001 1.205853851010E+000
3.102303100643E+001 1.191432452466E+000
3.105446264879E+001 1.176821944157E+000
3.108589429115E+001 1.162036759318E+000
3.111732593351E+001 1.147091503743E+000
3.114875757586E+001 1.132000941353E+000
3.118018921822E+001 1.116779979615E+000
3.121162086058E+001 1.101443654812E+000
3.124305250293E+001 1.086007117188E+000
3.127448414529E+001 1.070485615989E+000
3.130591578765E+001 1.054894484389E+000
3.133734743001E+001 1.039249124351E+000
3.136877907236E+001 1.023564991405E+000
3.140021071472E+001 1.007857579386E+000
3.143164235708E+001 9.921424051254E-001
3.146307399943E+001 9.764349931222E-001
3.149450564179E+001 9.607508602071E-001
3.152593728415E+001 9.451055002146E-001
3.155736892650E+001 9.295143686764E-001
3.158880056886E+001 9.139928675539E-001
3.162023221122E+001 8.985563300229E-001
3.165166385358E+001 8.832200053265E-001
3.168309549593E+001 8.679990437106E-001
3.171452713829E+001 8.529084814583E-001
3.174595878065E+001 8.379632260349E-001
3.177739042300E+001 8.231780413622E-001
3.180882206536E+001 8.085675332335E-001
3.184025370772E+001 7.941461348848E-001
3.187168535008E+001 7.799280927368E-001
3.190311699243E+001 7.659274523214E-001
3.193454863479E+001 7.521580444066E-001
3.196598027715E+001 7.386334713334E-001
3.199741191950E+001 7.253670935787E-001
3.202884356186E+001 7.123720165567E-001
3.206027520422E+001 6.996610776726E-001
3.209170684658E+001 6.872468336411E-001
3.212313848893E+001 6.751415480818E-001
3.215457013129E+001 6.633571794045E-001
3.218600177365E+001 6.519053689957E-001
3.221743341600E+001 6.407974297191E-001
3.224886505836E+001 6.300443347390E-001
3.228029670072E+001 6.196567066811E-001
3.231172834307E+001 6.096448071383E-001
3.234315998543E+001 6.000185265338E-001
3.237459162779E+001 5.907873743507E-001
3.240602327015E+001 5.819604697380E-001
3.243745491250E+001 5.735465325016E-001
3.246888655486E+001 5.655538744908E-001
3.250031819722E+001 5.579903913873E-001
3.253174983957E+001 5.508635549049E-001
3.256318148193E+001 5.441804054088E-001
3.259461312429E+001 5.379475449606E-001
3.262604476665E+001 5.321711307962E-001
3.265747640900E+001 5.268568692435E-001
3.268890805136E+001 5.220100100850E-001
3.272033969372E+001 5.176353413719E-001
3.275177133607E+001 5.137371846945E-001
3.278320297843E+001 5.103193909121E-001
3.281463462079E+001 5.073853363499E-001
3.284606626314E+001 5.049379194629E-001
3.287749790550E+001 5.029795579731E-001
3.290892954786E+001 5.015121864807E-001
3.294036119022E+001 5.005372545535E-001
3.297179283257E+001 5.000557252941E-001
3.300322447493E+001 5.000680743895E-001
3.303465611729E+001 5.005742896404E-001
3.306608775964E+001 5.015738709734E-001
3.309751940200E+001 5.030658309355E-001
3.312895104436E+001 5.050486956688E-001
3.316038268672E+001 5.075205063672E-001
3.319181432907E+001 5.104788212108E-001
3.322324597143E+001 5.139207177787E-001
3.325467761379E+001 5.178427959355E-001
3.328610925614E+001 5.222411811903E-001
3.331754089850E+001 5.271115285244E-001
3.334897254086E+001 5.324490266832E-001
3.338040418322E+001 5.382484029296E-001
3.341183582557E+001 5.445039282521E-001
3.344326746793E+001 5.512094230251E-001
3.347469911029E+001 5.583582631127E-001
3.350613075264E+001 5.659433864132E-001
3.353756239500E+001 5.739572998351E-001
3.356899403736E+001 5.823920866992E-001
3.360042567971E+001 5.912394145595E-001
3.363185732207E+001 6.004905434347E-001
3.366328896443E+001 6.101363344414E-001
3.369472060679E+001 6.201672588230E-001
3.372615224914E+001 6.305734073622E-001
3.375758389150E+001 6.413445001703E-001
3.378901553386E+001 6.524698968422E-001
3.382044717621E+001 6.639386069677E-001
3.385187881857E+001 6.757393009890E-001
3.388331046093E+001 6.878603213919E-001
3.391474210329E+001 7.002896942228E-001
3.394617374564E+001 7.130151409169E-001
3.397760538800E+001 7.260240904278E-001
3.400903703036E+001 7.393036916459E-001
3.404046867271E+001 7.528408260941E-001
3.407190031507E+001 7.666221208866E-001
3.410333195743E+001 7.806339619396E-001
3.413476359979E+001 7.948625074206E-001
3.416619524214E+001 8.092937014215E-001
3.419762688450E+001 8.239132878451E-001
3.422905852686E+001 8.387068244869E-001
3.426049016921E+001 8.536596973033E-001
3.429192181157E+001 8.687571348474E-001
3.432335345393E+001 8.839842228619E-001
3.435478509628E+001 8.993259190119E-001
3.438621673864E+001 9.147670677451E-001
3.441764838100E+001 9.302924152630E-001
3.444908002336E+001 9.458866245902E-001
3.448051166571E+001 9.615342907250E-001
3.451194330807E+001 9.772199558573E-001
3.454337495043E+001 9.929281246392E-001
3.457480659278E+001 1.008643279492E+000
3.460623823514E+001 1.024349895936E+000
3.463766987750E+001 1.040032457926E+000
3.466910151986E+001 1.055675473180E+000
3.470053316221E+001 1.071263488482E+000
3.473196480457E+001 1.086781104949E+000
3.476339644693E+001 1.102212993243E+000
3.479482808928E+001 1.117543908713E+000
3.482625973164E+001 1.132758706458E+000
3.485769137400E+001 1.147842356283E+000
3.488912301635E+001 1.162779957552E+000
3.492055465871E+001 1.177556753903E+000
3.495198630107E+001 1.192158147831E+000
3.498341794343E+001 1.206569715103E+000
3.501484958578E+001 1.220777219009E+000
3.504628122814E+001 1.234766624429E+000
3.507771287050E+001 1.248524111693E+000
3.510914451285E+001 1.262036090236E+000
3.514057615521E+001 1.275289212023E+000
3.517200779757E+001 1.288270384735E+000
3.520343943993E+001 1.300966784702E+000
3.523487108228E+001 1.313365869572E+000
3.526630272464E+001 1.325455390701E+000
3.529773436700E+001 1.337223405251E+000
3.532916600935E+001 1.348658287993E+000
3.536059765171E+001 1.359748742785E+000
3.539202929407E+001 1.370483813734E+000
3.542346093643E+001 1.380852896020E+000
3.545489257878E+001 1.390845746372E+000
3.548632422114E+001 1.400452493184E+000
3.551775586350E+001 1.409663646269E+000
3.554918750585E+001 1.418470106236E+000
3.558061914821E+001 1.426863173475E+000
3.561205079057E+001 1.434834556752E+000
3.564348243292E+001 1.442376381404E+000
3.567491407528E+001 1.449481197112E+000
3.570634571764E+001 1.456141985265E+000
3.573777736000E+001 1.462352165890E+000
3.576920900235E+001 1.468105604157E+000
3.580064064471E+001 1.473396616434E+000
3.583207228707E+001 1.478219975908E+000
3.586350392942E+001 1.482570917739E+000
3.589493557178E+001 1.486445143779E+000
3.592636721414E+001 1.489838826807E+000
3.595779885650E+001 1.492748614316E+000
3.598923049885E+001 1.495171631824E+000
3.602066214121E+001 1.497105485713E+000
3.605209378357E+001 1.498548265592E+000
3.608352542592E+001 1.499498546188E+000
3.611495706828E+001 1.499955388748E+000
3.614638871064E+001 1.499918341975E+000
3.617782035300E+001 1.499387442464E+000
3.620925199535E+001 1.498363214675E+000
3.624068363771E+001 1.496846670407E+000
3.627211528007E+001 1.494839307805E+000
3.630354692242E+001 1.492343109875E+000
3.633497856478E+001 1.489360542528E+000
3.636641020714E+001 1.485894552144E+000
3.639784184949E+001 1.481948562660E+000
3.642927349185E+001 1.477526472187E+000
3.646070513421E+001 1.472632649163E+000
3.649213677657E+001 1.467271928031E+000
3.652356841892E+001 1.461449604472E+000
3.655500006128E+001 1.455171430164E+000
3.658643170364E+001 1.448443607109E+000
3.661786334599E+001 1.441272781498E+000
3.664929498835E+001 1.433666037154E+000
3.668072663071E+001 1.425630888525E+000
3.671215827307E+001 1.417175273269E+000
3.674358991542E+001 1.408307544407E+000
3.677502155778E+001 1.399036462075E+000
3.680645320014E+001 1.389371184866E+000
3.683788484249E+001 1.379321260788E+000
3.686931648485E+001 1.368896617827E+000
3.690074812721E+001 1.358107554141E+000
3.693217976956E+001 1.346964727888E+000
3.696361141192E+001 1.335479146697E+000
3.699504305428E+001 1.323662156793E+000
3.702647469664E+001 1.311525431787E+000
3.705790633899E+001 1.299080961146E+000
3.708933798135E+001 1.286341038351E+000
3.712076962371E+001 1.273318248749E+000
3.715220126606E+001 1.260025457120E+000
3.718363290842E+001 1.246475794974E+000
3.721506455078E+001 1.232682647570E+000
3.724649619314E+001 1.218659640702E+000
3.727792783549E+001 1.204420627233E+000
3.730935947785E+001 1.189979673411E+000
3.734079112021E+001 1.175351044976E+000
3.737222276256E+001 1.160549193063E+000
3.740365440492E+001 1.145588739932E+000
3.743508604728E+001 1.130484464517E+000
3.746651768964E+001 1.115251287831E+000
3.749794933199E+001 1.099904258222E+000
3.752938097435E+001 1.084458536514E+000
3.756081261671E+001 1.068929381020E+000
3.759224425906E+001 1.053332132479E+000
3.762367590142E+001 1.037682198894E+000
3.765510754378E+001 1.021995040316E+000
3.768653918613E+001 1.006286153567E+000
3.771797082849E+001 9.905710569366E-001
3.774940247085E+001 9.748652748458E-001
3.778083411321E+001 9.591843225158E-001
3.781226575556E+001 9.435436906388E-001
3.784369739792E+001 9.279588300762E-001
3.787512904028E+001 9.124451365941E-001
3.790656068263E+001 8.970179356556E-001
3.793799232499E+001 8.816924672803E-001
3.796942396735E+001 8.664838709898E-001
3.800085560971E+001 8.514071708517E-001
3.803228725206E+001 8.364772606373E-001
3.806371889442E+001 8.217088891097E-001
3.809515053678E+001 8.071166454528E-001
3.812658217913E+001 7.927149448597E-001
3.815801382149E+001 7.785180142924E-001
3.818944546385E+001 7.645398784274E-001
3.822087710621E+001 7.507943458013E-001
3.825230874856E+001 7.372949951693E-001
3.828374039092E+001 7.240551620920E-001
3.831517203328E+001 7.110879257609E-001
3.834660367563E+001 6.984060960784E-001
3.837803531799E+001 6.860222010033E-001
3.840946696035E+001 6.739484741742E-001
3.844089860270E+001 6.621968428252E-001
3.847233024506E+001 6.507789160029E-001
3.850376188742E+001 6.397059730981E-001
3.853519352978E+001 6.289889527036E-001
3.856662517213E+001 6.186384418081E-001
3.859805681449E+001 6.086646653379E-001
3.862948845685E+001 5.990774760555E-001
3.866092009920E+001 5.898863448271E-001
3.869235174156E+001 5.811003512662E-001
3.872378338392E+001 5.727281747640E-001
3.875521502628E+001 5.647780859160E-001
3.878664666863E+001 5.572579383510E-001
3.881807831099E+001 5.501751609732E-001
3.884950995335E+001 5.435367506232E-001
3.888094159570E+001 5.373492651663E-001
3.891237323806E+001 5.316188170139E-001
3.894380488042E+001 5.263510670857E-001
3.897523652277E+001 5.215512192168E-001
3.900666816513E+001 5.172240150177E-001
3.903809980749E+001 5.133737291898E-001
3.906953144985E+001 5.100041653026E-001
3.910096309220E+001 5.071186520365E-001
3.913239473456E+001 5.047200398942E-001
3.916382637692E+001 5.028106983851E-001
3.919525801927E+001 5.013925136842E-001
3.922668966163E+001 5.004668867692E-001
3.925812130399E+001 5.000347320361E-001
3.928955294635E+001 5.000964763963E-001
3.932098458870E+001 5.006520588546E-001
3.935241623106E+001 5.017009305694E-001
3.938384787342E+001 5.032420553953E-001
3.941527951577E+001 5.052739109061E-001
3.944671115813E+001 5.077944898994E-001
3.947814280049E+001 5.108013023786E-001
3.950957444285E+001 5.142913780137E-001
3.954100608520E+001 5.182612690747E-001
3.957243772756E+001 5.227070538380E-001
3.960386936992E+001 5.276243404604E-001
3.963530101227E+001 5.330082713177E-001
3.966673265463E+001 5.388535278034E-001
3.969816429699E+001 5.451543355825E-001
3.972959593934E+001 5.519044702961E-001
3.976102758170E+001 5.590972637104E-001
3.979245922406E+001 5.667256103033E-001
3.982389086642E+001 5.747819742845E-001
3.985532250877E+001 5.832583970394E-001
3.988675415113E+001 5.921465049915E-001
3.991818579349E+001 6.014375178737E-001
3.994961743584E+001 6.111222574029E-001
3.998104907820E+001 6.211911563464E-001
4.001248072056E+001 6.316342679732E-001
4.004391236292E+001 6.424412758798E-001
4.007534400527E+001 6.536015041819E-001
4.010677564763E+001 6.651039280604E-001
4.013820728999E+001 6.769371846525E-001
4.016963893234E+001 6.890895842768E-001
4.020107057470E+001 7.015491219811E-001
4.023250221706E+001 7.143034894017E-001
4.026393385942E+001 7.273400869224E-001
4.029536550177E+001 7.406460361211E-001
4.032679714413E+001 7.542081924923E-001
4.035822878649E+001 7.680131584319E-001
4.038966042884E+001 7.820472964722E-001
4.042109207120E+001 7.962967427542E-001
4.045252371356E+001 8.107474207227E-001
4.048395535591E+001 8.253850550327E-001
4.051538699827E+001 8.401951856511E-001
4.054681864063E+001 8.551631821414E-001
4.057825028299E+001 8.702742581168E-001
4.060968192534E+001 8.855134858468E-001
4.064111356770E+001 9.008658110041E-001
4.067254521006E+001 9.163160675364E-001
4.070397685241E+001 9.318489926479E-001
4.073540849477E+001 9.474492418777E-001
4.076684013713E+001 9.631014042572E-001
4.079827177949E+001 9.787900175348E-001
4.082970342184E+001 9.944995834502E-001
4.086113506420E+001 1.010214583045E+000
4.089256670656E+001 1.025919491991E+000
4.092399834891E+001 1.041598795933E+000
4.095542999127E+001 1.057237005804E+000
4.098686163363E+001 1.072818673137E+000
4.101829327598E+001 1.088328405320E+000
4.104972491834E+001 1.103750880804E+000
4.108115656070E+001 1.119070864236E+000
4.111258820306E+001 1.134273221513E+000
4.114401984541E+001 1.149342934732E+000
4.117545148777E+001 1.164265117022E+000
4.120688313013E+001 1.179025027256E+000
4.123831477248E+001 1.193608084608E+000
4.126974641484E+001 1.207999882959E+000
4.130117805720E+001 1.222186205129E+000
4.133260969956E+001 1.236153036922E+000
4.136404134191E+001 1.249886580969E+000
4.139547298427E+001 1.263373270356E+000
4.142690462663E+001 1.276599782031E+000
4.145833626898E+001 1.289553049963E+000
4.148976791134E+001 1.302220278047E+000
4.152119955370E+001 1.314588952750E+000
4.155263119606E+001 1.326646855468E+000
4.158406283841E+001 1.338382074600E+000
4.161549448077E+001 1.349783017312E+000
4.164692612313E+001 1.360838420991E+000
4.167835776548E+001 1.371537364370E+000
4.170978940784E+001 1.381869278320E+000
4.174122105020E+001 1.391823956284E+000
4.177265269255E+001 1.401391564367E+000
4.180408433491E+001 1.410562651046E+000
4.183551597727E+001 1.419328156510E+000
4.186694761963E+001 1.427679421606E+000
4.189837926198E+001 1.435608196397E+000
4.192981090434E+001 1.443106648309E+000
4.196124254670E+001 1.450167369871E+000
4.199267418905E+001 1.456783386030E+000
4.202410583141E+001 1.462948161043E+000
4.205553747377E+001 1.468655604934E+000
4.208696911613E+001 1.473900079509E+000
4.211840075848E+001 1.478676403924E+000
4.214983240084E+001 1.482979859808E+000
4.218126404320E+001 1.486806195919E+000
4.221269568555E+001 1.490151632347E+000
4.224412732791E+001 1.493012864247E+000
4.227555897027E+001 1.495387065102E+000
4.230699061262E+001 1.497271889518E+000
4.233842225498E+001 1.498665475539E+000
4.236985389734E+001 1.499566446489E+000
4.240128553970E+001 1.499973912328E+000
4.243271718205E+001 1.499887470533E+000
4.246414882441E+001 1.499307206499E+000
4.249558046677E+001 1.498233693448E+000
4.252701210912E+001 1.496667991868E+000
4.255844375148E+001 1.494611648465E+000
4.258987539384E+001 1.492066694631E+000
4.262130703620E+001 1.489035644442E+000
4.265273867855E+001 1.485521492171E+000
4.268417032091E+001 1.481527709334E+000
4.271560196327E+001 1.477058241255E+000
4.274703360562E+001 1.472117503174E+000
4.277846524798E+001 1.466710375882E+000
4.280989689034E+001 1.460842200901E+000
4.284132853270E+001 1.454518775205E+000
4.287276017505E+001 1.447746345498E+000
4.290419181741E+001 1.440531602037E+000
4.293562345977E+001 1.432881672029E+000
4.296705510212E+001 1.424804112585E+000
4.299848674448E+001 1.416306903258E+000
4.302991838684E+001 1.407398438159E+000
4.306135002919E+001 1.398087517666E+000
4.309278167155E+001 1.388383339727E+000
4.312421331391E+001 1.378295490778E+000
4.315564495627E+001 1.367833936269E+000
4.318707659862E+001 1.357009010825E+000
4.321850824098E+001 1.345831408028E+000
4.324993988334E+001 1.334312169861E+000
4.328137152569E+001 1.322462675799E+000
4.331280316805E+001 1.310294631562E+000
4.334423481041E+001 1.297820057558E+000
4.337566645277E+001 1.285051277005E+000
4.340709809512E+001 1.272000903756E+000
4.343852973748E+001 1.258681829843E+000
4.346996137984E+001 1.245107212736E+000
4.350139302219E+001 1.231290462349E+000
4.353282466455E+001 1.217245227791E+000
4.356425630691E+001 1.202985383884E+000
4.359568794927E+001 1.188525017453E+000
4.362711959162E+001 1.173878413416E+000
4.365855123398E+001 1.159060040665E+000
4.368998287634E+001 1.144084537779E+000
4.372141451869E+001 1.128966698561E+000
4.375284616105E+001 1.113721457422E+000
4.378427780341E+001 1.098363874630E+000
4.381570944576E+001 1.082909121431E+000
4.384714108812E+001 1.067372465063E+000
4.387857273048E+001 1.051769253674E+000
4.391000437284E+001 1.036114901156E+000
4.394143601519E+001 1.020424871927E+000
4.397286765755E+001 1.004714665645E+000
4.400429929991E+001 9.889998019012E-001
4.403573094226E+001 9.732958048881E-001
4.406716258462E+001 9.576181880629E-001
4.409859422698E+001 9.419824388231E-001
4.413002586934E+001 9.264040032064E-001
4.416145751169E+001 9.108982706322E-001
4.419288915405E+001 8.954805586991E-001
4.422432079641E+001 8.801660980530E-001
4.425575243876E+001 8.649700173410E-001
4.428718408112E+001 8.499073282672E-001
4.431861572348E+001 8.349929107619E-001
4.435004736583E+001 8.202414982833E-001
4.438147900819E+001 8.056676632621E-001
4.441291065055E+001 7.912858027061E-001
4.444434229291E+001 7.771101239780E-001
4.447577393526E+001 7.631546307604E-001
4.450720557762E+001 7.494331092217E-001
4.453863721998E+001 7.359591143977E-001
4.457006886233E+001 7.227459568006E-001
4.460150050469E+001 7.098066892702E-001
4.463293214705E+001 6.971540940794E-001
4.466436378941E+001 6.848006703070E-001
4.469579543176E+001 6.727586214904E-001
4.472722707412E+001 6.610398435699E-001
4.475865871648E+001 6.496559131372E-001
4.479009035883E+001 6.386180759993E-001
4.482152200119E+001 6.279372360692E-001
4.485295364355E+001 6.176239445940E-001
4.488438528591E+001 6.076883897322E-001
4.491581692826E+001 5.981403864885E-001
4.494724857062E+001 5.889893670185E-001
4.497868021298E+001 5.802443713105E-001
4.501011185533E+001 5.719140382555E-001
4.504154349769E+001 5.640065971131E-001
4.507297514005E+001 5.565298593819E-001
4.510440678240E+001 5.494912110829E-001
4.513583842476E+001 5.428976054631E-001
4.516727006712E+001 5.367555561266E-001
4.519870170948E+001 5.310711306002E-001
4.523013335183E+001 5.258499443391E-001
4.526156499419E+001 5.210971551800E-001
4.529299663655E+001 5.168174582454E-001
4.532442827890E+001 5.130150813059E-001
4.535585992126E+001 5.096937806035E-001
4.538729156362E+001 5.068568371409E-001
4.541872320598E+001 5.045070534404E-001
4.545015484833E+001 5.026467507753E-001
4.548158649069E+001 5.012777668768E-001
4.551301813305E+001 5.004014541188E-001
4.554444977540E+001 5.000186781814E-001
4.557588141776E+001 5.001298171964E-001
4.560731306012E+001 5.007347613731E-001
4.563874470248E+001 5.018329131074E-001
4.567017634483E+001 5.034231875716E-001
4.570160798719E+001 5.055040137862E-001
4.573303962955E+001 5.080733361723E-001
4.576447127190E+001 5.111286165814E-001
4.579590291426E+001 5.146668368034E-001
4.582733455662E+001 5.186845015482E-001
4.585876619897E+001 5.231776418979E-001
4.589019784133E+001 5.281418192284E-001
4.592162948369E+001 5.335721295937E-001
4.595306112605E+001 5.394632085705E-001
4.598449276840E+001 5.458092365573E-001
4.601592441076E+001 5.526039445237E-001
4.604735605312E+001 5.598406202034E-001
4.607878769547E+001 5.675121147245E-001
4.611021933783E+001 5.756108496723E-001
4.614165098019E+001 5.841288245753E-001
4.617308262255E+001 5.930576248090E-001
4.620451426490E+001 6.023884299079E-001
4.623594590726E+001 6.121120222793E-001
4.626737754962E+001 6.222187963091E-001
4.629880919197E+001 6.326987678508E-001
4.633024083433E+001 6.435415840882E-001
4.636167247669E+001 6.547365337631E-001
4.639310411904E+001 6.662725577564E-001
4.642453576140E+001 6.781382600129E-001
4.645596740376E+001 6.903219187991E-001
4.648739904612E+001 7.028114982829E-001
4.651883068847E+001 7.155946604233E-001
4.655026233083E+001 7.286587771588E-001
4.658169397319E+001 7.419909428820E-001
4.661312561554E+001 7.555779871890E-001
4.664455725790E+001 7.694064878896E-001
4.667598890026E+001 7.834627842670E-001
4.670742054262E+001 7.977329905727E-001
4.673885218497E+001 8.122030097433E-001
4.677028382733E+001 8.268585473274E-001
4.680171546969E+001 8.416851256057E-001
4.683314711204E+001 8.566680978937E-001
4.686457875440E+001 8.717926630105E-001
4.689601039676E+001 8.870438799001E-001
4.692744203912E+001 9.024066823916E-001
4.695887368147E+001 9.178658940823E-001
4.699030532383E+001 9.334062433301E-001
4.702173696619E+001 9.490123783399E-001
4.705316860854E+001 9.646688823287E-001
4.708460025090E+001 9.803602887561E-001
4.711603189326E+001 9.960710966024E-001
4.714746353561E+001 1.011785785682E+000
4.717889517797E+001 1.027488831975E+000
4.721032682033E+001 1.043164722964E+000
4.724175846269E+001 1.058797972955E+000
4.727319010504E+001 1.074373138381E+000
4.730462174740E+001 1.089874833052E+000
4.733605338976E+001 1.105287743359E+000
4.736748503211E+001 1.120596643399E+000
4.739891667447E+001 1.135786410017E+000
4.743034831683E+001 1.150842037748E+000
4.746177995919E+001 1.165748653637E+000
4.749321160154E+001 1.180491531932E+000
4.752464324390E+001 1.195056108634E+000
4.755607488626E+001 1.209427995881E+000
4.758750652861E+001 1.223592996162E+000
4.761893817097E+001 1.237537116343E+000
4.765036981333E+001 1.251246581491E+000
4.768180145569E+001 1.264707848481E+000
4.771323309804E+001 1.277907619374E+000
4.774466474040E+001 1.290832854553E+000
4.777609638276E+001 1.303470785609E+000
4.780752802511E+001 1.315808927949E+000
4.783895966747E+001 1.327835093131E+000
4.787039130983E+001 1.339537400905E+000
4.790182295218E+001 1.350904290952E+000
4.793325459454E+001 1.361924534296E+000
4.796468623690E+001 1.372587244406E+000
4.799611787926E+001 1.382881887944E+000
4.802754952161E+001 1.392798295173E+000
4.805898116397E+001 1.402326670004E+000
4.809041280633E+001 1.411457599672E+000
4.812184444868E+001 1.420182064034E+000
4.815327609104E+001 1.428491444482E+000
4.818470773340E+001 1.436377532454E+000
4.821613937576E+001 1.443832537545E+000
4.824757101811E+001 1.450849095205E+000
4.827900266047E+001 1.457420274007E+000
4.831043430283E+001 1.463539582504E+000
4.834186594518E+001 1.469200975632E+000
4.837329758754E+001 1.474398860690E+000
4.840472922990E+001 1.479128102860E+000
4.843616087225E+001 1.483384030280E+000
4.846759251461E+001 1.487162438661E+000
4.849902415697E+001 1.490459595439E+000
4.853045579933E+001 1.493272243461E+000
4.856188744168E+001 1.495597604206E+000
4.859331908404E+001 1.497433380528E+000
4.862475072640E+001 1.498777758924E+000
4.865618236875E+001 1.499629411327E+000
4.868761401111E+001 1.499987496418E+000
4.871904565347E+001 1.499851660457E+000
4.875047729583E+001 1.499222037631E+000
4.878190893818E+001 1.498099249925E+000
4.881334058054E+001 1.496484406502E+000
4.884477222290E+001 1.494379102613E+000
4.887620386525E+001 1.491785418017E+000
4.890763550761E+001 1.488705914931E+000
4.893906714997E+001 1.485143635492E+000
4.897049879233E+001 1.481102098758E+000
4.900193043468E+001 1.476585297229E+000
4.903336207704E+001 1.471597692904E+000
4.906479371940E+001 1.466144212871E+000
4.909622536175E+001 1.460230244443E+000
4.912765700411E+001 1.453861629831E+000
4.915908864647E+001 1.447044660380E+000
4.919052028882E+001 1.439786070348E+000
4.922195193118E+001 1.432093030253E+000
4.925338357354E+001 1.423973139796E+000
4.928481521590E+001 1.415434420346E+000
4.931624685825E+001 1.406485307022E+000
4.934767850061E+001 1.397134640354E+000
4.937911014297E+001 1.387391657557E+000
4.941054178532E+001 1.377265983400E+000
4.944197342768E+001 1.366767620700E+000
4.947340507004E+001 1.355906940440E+000
4.950483671240E+001 1.344694671528E+000
4.953626835475E+001 1.333141890191E+000
4.956769999711E+001 1.321260009038E+000
4.959913163947E+001 1.309060765785E+000
4.963056328182E+001 1.296556211660E+000
4.966199492418E+001 1.283758699496E+000
4.969342656654E+001 1.270680871532E+000
4.972485820890E+001 1.257335646920E+000
4.975628985125E+001 1.243736208963E+000
4.978772149361E+001 1.229895992095E+000
4.981915313597E+001 1.215828668608E+000
4.985058477832E+001 1.201548135143E+000
4.988201642068E+001 1.187068498964E+000
4.991344806304E+001 1.172404064025E+000
4.994487970539E+001 1.157569316833E+000
4.997631134775E+001 1.142578912144E+000
5.000774299011E+001 1.127447658479E+000
5.003917463247E+001 1.112190503503E+000
5.007060627482E+001 1.096822519253E+000
5.010203791718E+001 1.081358887249E+000
5.013346955954E+001 1.065814883501E+000
5.016490120189E+001 1.050205863415E+000
5.019633284425E+001 1.034547246622E+000
5.022776448661E+001 1.018854501751E+000
5.025919612897E+001 1.003143131144E+000
5.029062777132E+001 9.874286555420E-001
5.032205941368E+001 9.717265987540E-001
5.035349105604E+001 9.560524723207E-001
5.038492269839E+001 9.404217601914E-001
5.041635434075E+001 9.248499034277E-001
5.044778598311E+001 9.093522849502E-001
5.047921762546E+001 8.939442143416E-001
5.051064926782E+001 8.786409127236E-001
5.054208091018E+001 8.634574977198E-001
5.057351255254E+001 8.484089685220E-001
5.060494419489E+001 8.335101910726E-001
5.063637583725E+001 8.187758833795E-001
5.066780747961E+001 8.042206009760E-001
5.069923912196E+001 7.898587225426E-001
5.073067076432E+001 7.757044357023E-001
5.076210240668E+001 7.617717230052E-001
5.079353404904E+001 7.480743481157E-001
5.082496569139E+001 7.346258422159E-001
5.085639733375E+001 7.214394906383E-001
5.088782897611E+001 7.085283197419E-001
5.091926061846E+001 6.959050840441E-001
5.095069226082E+001 6.835822536202E-001
5.098212390318E+001 6.715720017855E-001
5.101355554554E+001 6.598861930690E-001
5.104498718789E+001 6.485363714934E-001
5.107641883025E+001 6.375337491707E-001
5.110785047261E+001 6.268891952261E-001
5.113928211496E+001 6.166132250613E-001
5.117071375732E+001 6.067159899662E-001
5.120214539968E+001 5.972072670906E-001
5.123357704203E+001 5.880964497864E-001
5.126500868439E+001 5.793925383275E-001
5.129644032675E+001 5.711041310191E-001
5.132787196911E+001 5.632394157038E-001
5.135930361146E+001 5.558061616727E-001
5.139073525382E+001 5.488117119908E-001
5.142216689618E+001 5.422629762427E-001
5.145359853853E+001 5.361664237071E-001
5.148503018089E+001 5.305280769659E-001
5.151646182325E+001 5.253535059546E-001
5.154789346561E+001 5.206478224603E-001
5.157932510796E+001 5.164156750715E-001
5.161075675032E+001 5.126612445860E-001
5.164218839268E+001 5.093882398811E-001
5.167362003503E+001 5.065998942496E-001
5.170505167739E+001 5.042989622055E-001
5.173648331975E+001 5.024877167633E-001
5.176791496210E+001 5.011679471921E-001
5.179934660446E+001 5.003409572485E-001
5.183077824682E+001 5.000075638885E-001
5.186220988918E+001 5.001680964603E-001
5.189364153153E+001 5.008223963790E-001
5.192507317389E+001 5.019698172836E-001
5.195650481625E+001 5.036092256749E-001
5.198793645860E+001 5.057390020359E-001
5.201936810096E+001 5.083570424311E-001
5.205079974332E+001 5.114607605854E-001
5.208223138568E+001 5.150470904387E-001
5.211366302803E+001 5.191124891746E-001
5.214509467039E+001 5.236529407208E-001
5.217652631275E+001 5.286639597159E-001
5.220795795510E+001 5.341405959405E-001
5.223938959746E+001 5.400774392075E-001
5.227082123982E+001 5.464686247065E-001
5.230225288218E+001 5.533078387975E-001
5.233368452453E+001 5.605883252478E-001
5.236511616689E+001 5.683028919067E-001
5.239654780925E+001 5.764439178097E-001
5.242797945160E+001 5.850033607076E-001
5.245941109396E+001 5.939727650109E-001
5.249084273632E+001 6.033432701427E-001
5.252227437867E+001 6.131056192922E-001
5.255370602103E+001 6.232501685585E-001
5.258513766339E+001 6.337668964783E-001
5.261656930575E+001 6.446454139250E-001
5.264800094810E+001 6.558749743724E-001
5.267943259046E+001 6.674444845105E-001
5.271086423282E+001 6.793425152041E-001
5.274229587517E+001 6.915573127838E-001
5.277372751753E+001 7.040768106563E-001
5.280515915989E+001 7.168886412255E-001
5.283659080225E+001 7.299801481089E-001
5.286802244460E+001 7.433383986416E-001
5.289945408696E+001 7.569501966512E-001
5.293088572932E+001 7.708020954943E-001
5.296231737167E+001 7.848804113398E-001
5.299374901403E+001 7.991712366867E-001
5.302518065639E+001 8.136604541031E-001
5.305661229875E+001 8.283337501720E-001
5.308804394110E+001 8.431766296312E-001
5.311947558346E+001 8.581744296928E-001
5.315090722582E+001 8.733123345279E-001
5.318233886817E+001 8.885753899028E-001
5.321377051053E+001 9.039485179517E-001
5.324520215289E+001 9.194165320716E-001
5.327663379524E+001 9.349641519249E-001
5.330806543760E+001 9.505760185339E-001
5.333949707996E+001 9.662367094538E-001
5.337092872232E+001 9.819307540078E-001
5.340236036467E+001 9.976426485702E-001
5.343379200703E+001 1.013356871882E+000
5.346522364939E+001 1.029057900383E+000
5.349665529174E+001 1.044730223549E+000
5.352808693410E+001 1.060358359213E+000
5.355951857646E+001 1.075926868856E+000
5.359095021882E+001 1.091420372866E+000
5.362238186117E+001 1.106823565724E+000
5.365381350353E+001 1.122121231127E+000
5.368524514589E+001 1.137298257020E+000
5.371667678824E+001 1.152339650522E+000
5.374810843060E+001 1.167230552739E+000
5.377954007296E+001 1.181956253444E+000
5.381097171531E+001 1.196502205606E+000
5.384240335767E+001 1.210854039761E+000
5.387383500003E+001 1.224997578209E+000
5.390526664239E+001 1.238918849017E+000
5.393669828474E+001 1.252604099825E+000
5.396812992710E+001 1.266039811427E+000
5.399956156946E+001 1.279212711130E+000
5.403099321181E+001 1.292109785862E+000
5.406242485417E+001 1.304718295034E+000
5.409385649653E+001 1.317025783115E+000
5.412528813889E+001 1.329020091948E+000
5.415671978124E+001 1.340689372753E+000
5.418815142360E+001 1.352022097835E+000
5.421958306596E+001 1.363007071970E+000
5.425101470831E+001 1.373633443468E+000
5.428244635067E+001 1.383890714889E+000
5.431387799303E+001 1.393768753415E+000
5.434530963539E+001 1.403257800858E+000
5.437674127774E+001 1.412348483306E+000
5.440817292010E+001 1.421031820373E+000
5.443960456246E+001 1.429299234079E+000
5.447103620481E+001 1.437142557321E+000
5.450246784717E+001 1.444554041941E+000
5.453389948953E+001 1.451526366377E+000
5.456533113188E+001 1.458052642904E+000
5.459676277424E+001 1.464126424428E+000
5.462819441660E+001 1.469741710862E+000
5.465962605896E+001 1.474892955052E+000
5.469105770131E+001 1.479575068254E+000
5.472248934367E+001 1.483783425164E+000
5.475392098603E+001 1.487513868485E+000
5.478535262838E+001 1.490762713038E+000
5.481678427074E+001 1.493526749395E+000
5.484821591310E+001 1.495803247058E+000
5.487964755546E+001 1.497589957149E+000
5.491107919781E+001 1.498885114638E+000
5.494251084017E+001 1.499687440080E+000
5.497394248253E+001 1.499996140886E+000
5.500537412488E+001 1.499810912100E+000
5.503680576724E+001 1.499131936703E+000
5.506823740960E+001 1.497959885434E+000
5.509966905196E+001 1.496295916121E+000
5.513110069431E+001 1.494141672546E+000
5.516253233667E+001 1.491499282814E+000
5.519396397903E+001 1.488371357254E+000
5.522539562138E+001 1.484760985840E+000
5.525682726374E+001 1.480671735138E+000
5.528825890610E+001 1.476107644783E+000
5.531969054845E+001 1.471073223488E+000
5.535112219081E+001 1.465573444592E+000
5.538255383317E+001 1.459613741144E+000
5.541398547553E+001 1.453200000535E+000
5.544541711788E+001 1.446338558689E+000
5.547684876024E+001 1.439036193795E+000
5.550828040260E+001 1.431300119617E+000
5.553971204495E+001 1.423137978367E+000
5.557114368731E+001 1.414557833153E+000
5.560257532967E+001 1.405568160015E+000
5.563400697203E+001 1.396177839554E+000
5.566543861438E+001 1.386396148155E+000
5.569687025674E+001 1.376232748826E+000
5.572830189910E+001 1.365697681652E+000
5.575973354145E+001 1.354801353877E+000
5.579116518381E+001 1.343554529620E+000
5.582259682617E+001 1.331968319247E+000
5.585402846852E+001 1.320054168391E+000
5.588546011088E+001 1.307823846644E+000
5.591689175324E+001 1.295289435936E+000
5.594832339560E+001 1.282463318596E+000
5.597975503795E+001 1.269358165119E+000
5.601118668031E+001 1.255986921651E+000
5.604261832267E+001 1.242362797200E+000
5.607404996502E+001 1.228499250586E+000
5.610548160738E+001 1.214409977147E+000
5.613691324974E+001 1.200108895208E+000
5.616834489210E+001 1.185610132333E+000
5.619977653445E+001 1.170928011370E+000
5.623120817681E+001 1.156077036297E+000
5.626263981917E+001 1.141071877901E+000
5.629407146152E+001 1.125927359279E+000
5.632550310388E+001 1.110658441199E+000
5.635693474624E+001 1.095280207318E+000
5.638836638860E+001 1.079807849282E+000
5.641979803095E+001 1.064256651722E+000
5.645122967331E+001 1.048641977147E+000
5.648266131567E+001 1.032979250779E+000
5.651409295802E+001 1.017283945303E+000
5.654552460038E+001 1.001571565591E+000
5.657695624274E+001 9.858576333818E-001
5.660838788509E+001 9.701576719472E-001
5.663981952745E+001 9.544871907582E-001
5.667125116981E+001 9.388616701628E-001
5.670268281217E+001 9.232965460942E-001
5.673411445452E+001 9.078071948218E-001
5.676554609688E+001 8.924089177618E-001
5.679697773924E+001 8.771169263608E-001
5.682840938159E+001 8.619463270695E-001
5.685984102395E+001 8.469121064196E-001
5.689127266631E+001 8.320291162186E-001
5.692270430867E+001 8.173120588784E-001
5.695413595102E+001 8.027754728916E-001
5.698556759338E+001 7.884337184689E-001
5.701699923574E+001 7.743009633534E-001
5.704843087809E+001 7.603911688249E-001
5.707986252045E+001 7.467180759078E-001
5.711129416281E+001 7.332951917965E-001
5.714272580517E+001 7.201357765129E-001
5.717415744752E+001 7.072528298065E-001
5.720558908988E+001 6.946590783126E-001
5.723702073224E+001 6.823669629804E-001
5.726845237459E+001 6.703886267828E-001
5.729988401695E+001 6.587359027202E-001
5.733131565931E+001 6.474203021322E-001
5.736274730166E+001 6.364530033249E-001
5.739417894402E+001 6.258448405288E-001
5.742561058638E+001 6.156062931958E-001
5.745704222874E+001 6.057474756469E-001
5.748847387109E+001 5.962781270808E-001
5.751990551345E+001 5.872076019526E-001
5.755133715581E+001 5.785448607330E-001
5.758276879816E+001 5.702984610565E-001
5.761420044052E+001 5.624765492677E-001
5.764563208288E+001 5.550868523735E-001
5.767706372524E+001 5.481366704102E-001
5.770849536759E+001 5.416328692320E-001
5.773992700995E+001 5.355818737280E-001
5.777135865231E+001 5.299896614760E-001
5.780279029466E+001 5.248617568368E-001
5.783422193702E+001 5.202032254971E-001
5.786565357938E+001 5.160186694654E-001
5.789708522173E+001 5.123122225258E-001
5.792851686409E+001 5.090875461541E-001
5.795994850645E+001 5.063478259011E-001
5.799138014881E+001 5.040957682455E-001
5.802281179116E+001 5.023335979203E-001
5.805424343352E+001 5.010630557150E-001
5.808567507588E+001 5.002853967562E-001
5.811710671823E+001 5.000013892673E-001
5.814853836059E+001 5.002113138099E-001
5.817997000295E+001 5.009149630064E-001
5.821140164531E+001 5.021116417453E-001
5.824283328766E+001 5.038001678672E-001
5.827426493002E+001 5.059788733334E-001
5.830569657238E+001 5.086456058730E-001
5.833712821473E+001 5.117977311093E-001
5.836855985709E+001 5.154321351626E-001
5.839999149945E+001 5.195452277258E-001
5.843142314181E+001 5.241329456111E-001
5.846285478416E+001 5.291907567643E-001
5.849428642652E+001 5.347136647418E-001
5.852571806888E+001 5.406962136461E-001
5.855714971123E+001 5.471324935156E-001
5.858858135359E+001 5.540161461631E-001
5.862001299595E+001 5.613403714567E-001
5.865144463830E+001 5.690979340373E-001
5.868287628066E+001 5.772811704664E-001
5.871430792302E+001 5.858819967962E-001
5.874573956538E+001 5.948919165559E-001
5.877717120773E+001 6.043020291450E-001
5.880860285009E+001 6.141030386254E-001
5.884003449245E+001 6.242852629053E-001
5.887146613480E+001 6.348386433032E-001
5.890289777716E+001 6.457527544850E-001
5.893432941952E+001 6.570168147625E-001
5.896576106188E+001 6.686196967444E-001
5.899719270423E+001 6.805499383287E-001
5.902862434659E+001 6.927957540259E-001
5.906005598895E+001 7.053450466009E-001
5.909148763130E+001 7.181854190243E-001
5.912291927366E+001 7.313041867182E-001
5.915435091602E+001 7.446883900877E-001
5.918578255838E+001 7.583248073223E-001
5.921721420073E+001 7.721999674582E-001
5.924864584309E+001 7.863001636851E-001
5.928007748545E+001 8.006114668873E-001
5.931150912780E+001 8.151197394033E-001
5.934294077016E+001 8.298106489922E-001
5.937437241252E+001 8.446696829922E-001
5.940580405487E+001 8.596821626567E-001
5.943723569723E+001 8.748332576554E-001
5.946866733959E+001 8.901080007243E-001
5.950009898195E+001 9.054913024519E-001
5.953153062430E+001 9.209679661850E-001
5.956296226666E+001 9.365227030411E-001
5.959439390902E+001 9.521401470121E-001
5.962582555137E+001 9.678048701433E-001
5.965725719373E+001 9.835013977747E-001
5.968868883609E+001 9.992142238278E-001
5.972012047845E+001 1.014927826123E+000
5.975155212080E+001 1.030626681715E+000
5.978298376316E+001 1.046295282224E+000
5.981441540552E+001 1.061918149160E+000
5.984584704787E+001 1.077479849213E+000
5.987727869023E+001 1.092965009494E+000
5.990871033259E+001 1.108358332728E+000
5.994014197494E+001 1.123644612361E+000
5.997157361730E+001 1.138808747586E+000
6.000300525966E+001 1.153835758257E+000
6.003443690202E+001 1.168710799688E+000
6.006586854437E+001 1.183419177321E+000
6.009730018673E+001 1.197946361236E+000
6.012873182909E+001 1.212278000511E+000
6.016016347144E+001 1.226399937395E+000
6.019159511380E+001 1.240298221295E+000
6.022302675616E+001 1.253959122559E+000
6.025445839852E+001 1.267369146035E+000
6.028589004087E+001 1.280515044406E+000
6.031732168323E+001 1.293383831276E+000
6.034875332559E+001 1.305962793996E+000
6.038018496794E+001 1.318239506228E+000
6.041161661030E+001 1.330201840215E+000
6.044304825266E+001 1.341837978764E+000
6.047447989502E+001 1.353136426919E+000
6.050591153737E+001 1.364086023320E+000
6.053734317973E+001 1.374675951223E+000
6.056877482209E+001 1.384895749190E+000
6.060020646444E+001 1.394735321421E+000
6.063163810680E+001 1.404184947731E+000
6.066306974916E+001 1.413235293146E+000
6.069450139151E+001 1.421877417131E+000
6.072593303387E+001 1.430102782418E+000
6.075736467623E+001 1.437903263443E+000
6.078879631859E+001 1.445271154368E+000
6.082022796094E+001 1.452199176700E+000
6.085165960330E+001 1.458680486473E+000
6.088309124566E+001 1.464708681019E+000
6.091452288801E+001 1.470277805283E+000
6.094595453037E+001 1.475382357712E+000
6.097738617273E+001 1.480017295689E+000
6.100881781509E+001 1.484178040513E+000
6.104024945744E+001 1.487860481920E+000
6.107168109980E+001 1.491060982151E+000
6.110311274216E+001 1.493776379536E+000
6.113454438451E+001 1.496003991625E+000
6.116597602687E+001 1.497741617834E+000
6.119740766923E+001 1.498987541619E+000
6.122883931159E+001 1.499740532175E+000
6.126027095394E+001 1.499999845645E+000
6.129170259630E+001 1.499765225865E+000
6.132313423866E+001 1.499036904605E+000
6.135456588101E+001 1.497815601351E+000
6.138599752337E+001 1.496102522588E+000
6.141742916573E+001 1.493899360610E+000
6.144886080808E+001 1.491208291846E+000
6.148029245044E+001 1.488031974715E+000
6.151172409280E+001 1.484373546994E+000
6.154315573516E+001 1.480236622724E+000
6.157458737751E+001 1.475625288634E+000
6.160601901987E+001 1.470544100108E+000
6.163745066223E+001 1.464998076683E+000
6.166888230458E+001 1.458992697093E+000
6.170031394694E+001 1.452533893852E+000
6.173174558930E+001 1.445628047397E+000
6.176317723166E+001 1.438281979786E+000
6.179460887401E+001 1.430502947954E+000
6.182604051637E+001 1.422298636549E+000
6.185747215873E+001 1.413677150338E+000
6.188890380108E+001 1.404647006201E+000
6.192033544344E+001 1.395217124717E+000
6.195176708580E+001 1.385396821353E+000
6.198319872815E+001 1.375195797262E+000
6.201463037051E+001 1.364624129696E+000
6.204606201287E+001 1.353692262054E+000
6.207749365523E+001 1.342410993567E+000
6.210892529758E+001 1.330791468624E+000
6.214035693994E+001 1.318845165769E+000
6.217178858230E+001 1.306583886358E+000
6.220322022465E+001 1.294019742902E+000
6.223465186701E+001 1.281165147100E+000
6.226608350937E+001 1.268032797583E+000
6.229751515173E+001 1.254635667361E+000
6.232894679408E+001 1.240986991015E+000
6.236037843644E+001 1.227100251619E+000
6.239181007880E+001 1.212989167423E+000
6.242324172115E+001 1.198667678298E+000
6.245467336351E+001 1.184149931967E+000
6.248610500587E+001 1.169450270031E+000
6.251753664823E+001 1.154583213798E+000
6.254896829058E+001 1.139563449939E+000
6.258039993294E+001 1.124405815980E+000
6.261183157530E+001 1.109125285645E+000
6.264326321765E+001 1.093736954062E+000
6.267469486001E+001 1.078256022853E+000
6.270612650237E+001 1.062697785118E+000
6.273755814472E+001 1.047077610321E+000
6.276898978708E+001 1.031410929116E+000
6.280042142944E+001 1.015713218096E+000
6.283185307180E+001 9.999999845103E-001
